1.457895739136234999e+09 5.000000000000000000e+00 5.000000000000000000e+00 2.300000000000000000e+01
1.457895799153255939e+09 4.000000000000000000e+00 5.000000000000000000e+00 3.000000000000000000e+01
1.457895859174549103e+09 4.000000000000000000e+00 5.000000000000000000e+00 3.000000000000000000e+01
1.457895919194327116e+09 4.000000000000000000e+00 5.000000000000000000e+00 3.000000000000000000e+01
1.457895979263575077e+09 2.000000000000000000e+00 5.000000000000000000e+00 3.000000000000000000e+01
1.457896039282835007e+09 2.000000000000000000e+00 5.000000000000000000e+00 3.000000000000000000e+01
1.457896131401845932e+09 0.000000000000000000e+00 0.000000000000000000e+00 1.300000000000000000e+01
1.457896191418869972e+09 1.400000000000000000e+01 1.500000000000000000e+01 2.800000000000000000e+01
1.457896251434482098e+09 1.400000000000000000e+01 1.500000000000000000e+01 2.800000000000000000e+01
1.457896311455826998e+09 1.400000000000000000e+01 1.500000000000000000e+01 2.800000000000000000e+01
1.457896371484093904e+09 1.400000000000000000e+01 1.500000000000000000e+01 2.800000000000000000e+01
1.457896431502654076e+09 1.100000000000000000e+01 1.500000000000000000e+01 2.800000000000000000e+01
1.457896491525053978e+09 1.100000000000000000e+01 1.500000000000000000e+01 2.800000000000000000e+01
1.457896551546226025e+09 9.000000000000000000e+00 1.500000000000000000e+01 2.800000000000000000e+01
1.457896611567040920e+09 9.000000000000000000e+00 1.500000000000000000e+01 2.800000000000000000e+01
1.457896671590254068e+09 9.000000000000000000e+00 1.500000000000000000e+01 2.800000000000000000e+01
1.457896731614701986e+09 9.000000000000000000e+00 1.500000000000000000e+01 2.800000000000000000e+01
1.457896791638746023e+09 9.000000000000000000e+00 1.500000000000000000e+01 2.800000000000000000e+01
1.457896851662832022e+09 9.000000000000000000e+00 1.500000000000000000e+01 2.800000000000000000e+01
1.457896911686105013e+09 9.000000000000000000e+00 1.500000000000000000e+01 2.800000000000000000e+01
1.457896971708803892e+09 8.000000000000000000e+00 1.500000000000000000e+01 2.800000000000000000e+01
1.457897031731025934e+09 8.000000000000000000e+00 1.500000000000000000e+01 2.800000000000000000e+01
1.457897091749794006e+09 8.000000000000000000e+00 1.500000000000000000e+01 2.800000000000000000e+01
1.457897151770926952e+09 8.000000000000000000e+00 1.500000000000000000e+01 2.800000000000000000e+01
1.457897211794015884e+09 8.000000000000000000e+00 1.500000000000000000e+01 2.800000000000000000e+01
1.457897271817589998e+09 8.000000000000000000e+00 1.500000000000000000e+01 2.800000000000000000e+01
1.457897331840915918e+09 8.000000000000000000e+00 1.500000000000000000e+01 2.800000000000000000e+01
1.457897391865845919e+09 8.000000000000000000e+00 1.500000000000000000e+01 2.800000000000000000e+01
1.457897451888756990e+09 8.000000000000000000e+00 1.500000000000000000e+01 2.800000000000000000e+01
1.457897511913484097e+09 8.000000000000000000e+00 1.500000000000000000e+01 2.800000000000000000e+01
1.457897571935898066e+09 7.000000000000000000e+00 1.500000000000000000e+01 2.800000000000000000e+01
1.457897631957159042e+09 6.000000000000000000e+00 1.500000000000000000e+01 2.800000000000000000e+01
1.457897691976798058e+09 6.000000000000000000e+00 1.500000000000000000e+01 2.800000000000000000e+01
1.457897751994976997e+09 6.000000000000000000e+00 1.500000000000000000e+01 2.800000000000000000e+01
1.457897812015471935e+09 6.000000000000000000e+00 1.500000000000000000e+01 2.800000000000000000e+01
1.457897872036727905e+09 6.000000000000000000e+00 1.500000000000000000e+01 2.800000000000000000e+01
1.457897932059006929e+09 6.000000000000000000e+00 1.500000000000000000e+01 2.800000000000000000e+01
1.457897992078967094e+09 6.000000000000000000e+00 1.500000000000000000e+01 2.800000000000000000e+01
1.457898052103121996e+09 6.000000000000000000e+00 1.500000000000000000e+01 2.800000000000000000e+01
1.457898112129287958e+09 6.000000000000000000e+00 1.500000000000000000e+01 2.800000000000000000e+01
1.457898172153532028e+09 6.000000000000000000e+00 1.500000000000000000e+01 2.800000000000000000e+01
1.457898232178246021e+09 6.000000000000000000e+00 1.500000000000000000e+01 2.800000000000000000e+01
1.457898292202701092e+09 6.000000000000000000e+00 1.500000000000000000e+01 2.800000000000000000e+01
1.457898352227742910e+09 6.000000000000000000e+00 1.500000000000000000e+01 2.800000000000000000e+01
1.457898412249385118e+09 6.000000000000000000e+00 1.500000000000000000e+01 2.800000000000000000e+01
1.457898472272126913e+09 6.000000000000000000e+00 1.500000000000000000e+01 2.800000000000000000e+01
1.457898532296479940e+09 6.000000000000000000e+00 1.500000000000000000e+01 2.800000000000000000e+01
1.457898592321901083e+09 6.000000000000000000e+00 1.500000000000000000e+01 2.800000000000000000e+01
1.457898652346069098e+09 6.000000000000000000e+00 1.500000000000000000e+01 2.800000000000000000e+01
1.457898712415604115e+09 6.000000000000000000e+00 1.500000000000000000e+01 3.200000000000000000e+01
1.457898772442653894e+09 6.000000000000000000e+00 1.500000000000000000e+01 3.200000000000000000e+01
1.457898832463555098e+09 6.000000000000000000e+00 1.500000000000000000e+01 3.200000000000000000e+01
1.457898892488399982e+09 6.000000000000000000e+00 1.500000000000000000e+01 3.200000000000000000e+01
1.457898952511616945e+09 6.000000000000000000e+00 1.500000000000000000e+01 3.200000000000000000e+01
1.457899012537585974e+09 6.000000000000000000e+00 1.500000000000000000e+01 3.200000000000000000e+01
1.457899072564605951e+09 6.000000000000000000e+00 1.500000000000000000e+01 3.200000000000000000e+01
1.457899132593131065e+09 6.000000000000000000e+00 1.500000000000000000e+01 3.200000000000000000e+01
1.457899192621673107e+09 6.000000000000000000e+00 1.500000000000000000e+01 3.200000000000000000e+01
1.457899252744292974e+09 6.000000000000000000e+00 1.500000000000000000e+01 3.300000000000000000e+01
1.457899312764036894e+09 6.000000000000000000e+00 1.500000000000000000e+01 3.300000000000000000e+01
1.457899372786830902e+09 6.000000000000000000e+00 1.500000000000000000e+01 3.300000000000000000e+01
1.457899432812006950e+09 6.000000000000000000e+00 1.500000000000000000e+01 3.300000000000000000e+01
1.457899492835756063e+09 6.000000000000000000e+00 1.500000000000000000e+01 3.300000000000000000e+01
1.457899552855067015e+09 6.000000000000000000e+00 1.500000000000000000e+01 3.400000000000000000e+01
1.457899612882827044e+09 6.000000000000000000e+00 1.500000000000000000e+01 3.400000000000000000e+01
1.457899672903094053e+09 6.000000000000000000e+00 1.500000000000000000e+01 3.400000000000000000e+01
1.457899732928236008e+09 6.000000000000000000e+00 1.500000000000000000e+01 3.400000000000000000e+01
1.457899792948187113e+09 6.000000000000000000e+00 1.500000000000000000e+01 3.400000000000000000e+01
1.457899852969604969e+09 6.000000000000000000e+00 1.500000000000000000e+01 3.400000000000000000e+01
1.457899912996028900e+09 6.000000000000000000e+00 1.500000000000000000e+01 3.400000000000000000e+01
1.457899973018599033e+09 6.000000000000000000e+00 1.500000000000000000e+01 3.400000000000000000e+01
1.457900033042249918e+09 6.000000000000000000e+00 1.500000000000000000e+01 3.400000000000000000e+01
1.457900093066210032e+09 6.000000000000000000e+00 1.500000000000000000e+01 3.400000000000000000e+01
1.457900153089826107e+09 6.000000000000000000e+00 1.500000000000000000e+01 3.400000000000000000e+01
1.457900213112552881e+09 6.000000000000000000e+00 1.500000000000000000e+01 3.400000000000000000e+01
1.457900273135996103e+09 6.000000000000000000e+00 1.500000000000000000e+01 3.400000000000000000e+01
1.457900333160366058e+09 6.000000000000000000e+00 1.500000000000000000e+01 3.400000000000000000e+01
1.457900393185182095e+09 6.000000000000000000e+00 1.500000000000000000e+01 3.400000000000000000e+01
1.457900453213207960e+09 6.000000000000000000e+00 1.500000000000000000e+01 3.400000000000000000e+01
1.457900513237092018e+09 6.000000000000000000e+00 1.500000000000000000e+01 3.400000000000000000e+01
1.457900573259355068e+09 6.000000000000000000e+00 1.500000000000000000e+01 3.400000000000000000e+01
1.457900633284986973e+09 6.000000000000000000e+00 6.000000000000000000e+00 3.400000000000000000e+01
1.457900693308357954e+09 6.000000000000000000e+00 6.000000000000000000e+00 3.400000000000000000e+01
1.457900753331608057e+09 6.000000000000000000e+00 6.000000000000000000e+00 3.400000000000000000e+01
1.457900813357218981e+09 6.000000000000000000e+00 6.000000000000000000e+00 3.400000000000000000e+01
1.457900873387866020e+09 6.000000000000000000e+00 6.000000000000000000e+00 3.400000000000000000e+01
1.457900933414792061e+09 6.000000000000000000e+00 6.000000000000000000e+00 3.400000000000000000e+01
1.457900993440026999e+09 6.000000000000000000e+00 6.000000000000000000e+00 3.400000000000000000e+01
1.457901053463705063e+09 6.000000000000000000e+00 6.000000000000000000e+00 3.400000000000000000e+01
1.457901113485730886e+09 6.000000000000000000e+00 6.000000000000000000e+00 3.400000000000000000e+01
1.457901173511327982e+09 6.000000000000000000e+00 6.000000000000000000e+00 3.400000000000000000e+01
1.457901233538983107e+09 6.000000000000000000e+00 6.000000000000000000e+00 3.400000000000000000e+01
1.457901293561438084e+09 6.000000000000000000e+00 6.000000000000000000e+00 3.400000000000000000e+01
1.457901353585408926e+09 6.000000000000000000e+00 6.000000000000000000e+00 3.400000000000000000e+01
1.457901413608989954e+09 6.000000000000000000e+00 6.000000000000000000e+00 3.400000000000000000e+01
1.457901473631315947e+09 6.000000000000000000e+00 6.000000000000000000e+00 3.400000000000000000e+01
1.457901533656178951e+09 6.000000000000000000e+00 6.000000000000000000e+00 3.400000000000000000e+01
1.457901593678652048e+09 6.000000000000000000e+00 6.000000000000000000e+00 3.400000000000000000e+01
1.457901653965506077e+09 6.000000000000000000e+00 6.000000000000000000e+00 3.400000000000000000e+01
1.457901713985018969e+09 6.000000000000000000e+00 6.000000000000000000e+00 3.400000000000000000e+01
1.457901774007139921e+09 6.000000000000000000e+00 6.000000000000000000e+00 3.400000000000000000e+01
1.457901834028207064e+09 6.000000000000000000e+00 6.000000000000000000e+00 3.400000000000000000e+01
1.457901894079844952e+09 6.000000000000000000e+00 6.000000000000000000e+00 3.500000000000000000e+01
1.457901954100691080e+09 6.000000000000000000e+00 6.000000000000000000e+00 3.500000000000000000e+01
1.457902014123886108e+09 6.000000000000000000e+00 6.000000000000000000e+00 3.500000000000000000e+01
1.457902074154973984e+09 6.000000000000000000e+00 6.000000000000000000e+00 3.500000000000000000e+01
1.457902134175595045e+09 6.000000000000000000e+00 6.000000000000000000e+00 3.500000000000000000e+01
1.457902194199131966e+09 6.000000000000000000e+00 6.000000000000000000e+00 3.500000000000000000e+01
1.457902254302819967e+09 6.000000000000000000e+00 6.000000000000000000e+00 3.500000000000000000e+01
1.457902314326165915e+09 6.000000000000000000e+00 6.000000000000000000e+00 3.500000000000000000e+01
1.457902374348416090e+09 5.000000000000000000e+00 6.000000000000000000e+00 3.500000000000000000e+01
1.457902434373600960e+09 5.000000000000000000e+00 6.000000000000000000e+00 3.500000000000000000e+01
1.457902494396996975e+09 5.000000000000000000e+00 6.000000000000000000e+00 3.500000000000000000e+01
1.457902554420021057e+09 5.000000000000000000e+00 6.000000000000000000e+00 3.500000000000000000e+01
1.457902614440475941e+09 5.000000000000000000e+00 6.000000000000000000e+00 3.500000000000000000e+01
1.457902674461565971e+09 5.000000000000000000e+00 6.000000000000000000e+00 3.500000000000000000e+01
1.457902734483597040e+09 5.000000000000000000e+00 6.000000000000000000e+00 3.500000000000000000e+01
1.457902794566211939e+09 5.000000000000000000e+00 6.000000000000000000e+00 3.500000000000000000e+01
1.457902854585735083e+09 5.000000000000000000e+00 6.000000000000000000e+00 3.500000000000000000e+01
1.457902914609090090e+09 5.000000000000000000e+00 6.000000000000000000e+00 3.500000000000000000e+01
1.457902974629878044e+09 5.000000000000000000e+00 6.000000000000000000e+00 3.500000000000000000e+01
1.457903034652137995e+09 5.000000000000000000e+00 6.000000000000000000e+00 3.500000000000000000e+01
1.457903094674273968e+09 5.000000000000000000e+00 6.000000000000000000e+00 3.500000000000000000e+01
1.457903154698143959e+09 5.000000000000000000e+00 6.000000000000000000e+00 3.500000000000000000e+01
1.457903214721729040e+09 4.000000000000000000e+00 6.000000000000000000e+00 3.500000000000000000e+01
1.457903274748085022e+09 4.000000000000000000e+00 6.000000000000000000e+00 3.500000000000000000e+01
1.457903334771363020e+09 4.000000000000000000e+00 6.000000000000000000e+00 3.500000000000000000e+01
1.457903394803261995e+09 4.000000000000000000e+00 6.000000000000000000e+00 3.500000000000000000e+01
1.457903454828155994e+09 3.000000000000000000e+00 6.000000000000000000e+00 3.500000000000000000e+01
1.457903514853187084e+09 3.000000000000000000e+00 6.000000000000000000e+00 3.500000000000000000e+01
1.457903574876971006e+09 3.000000000000000000e+00 6.000000000000000000e+00 3.500000000000000000e+01
1.457903635025904894e+09 3.000000000000000000e+00 6.000000000000000000e+00 3.500000000000000000e+01
1.457903695055289984e+09 3.000000000000000000e+00 6.000000000000000000e+00 3.500000000000000000e+01
1.457903755085304976e+09 3.000000000000000000e+00 6.000000000000000000e+00 3.500000000000000000e+01
1.457903815108973980e+09 3.000000000000000000e+00 6.000000000000000000e+00 4.000000000000000000e+01
1.457903875134581089e+09 3.000000000000000000e+00 6.000000000000000000e+00 4.000000000000000000e+01
1.457903935162404060e+09 3.000000000000000000e+00 6.000000000000000000e+00 4.000000000000000000e+01
1.457903995187490940e+09 3.000000000000000000e+00 6.000000000000000000e+00 4.000000000000000000e+01
1.457904055208842039e+09 3.000000000000000000e+00 6.000000000000000000e+00 4.000000000000000000e+01
1.457904115235126019e+09 3.000000000000000000e+00 6.000000000000000000e+00 4.000000000000000000e+01
1.457904175257853985e+09 3.000000000000000000e+00 6.000000000000000000e+00 4.100000000000000000e+01
1.457904235284539938e+09 3.000000000000000000e+00 6.000000000000000000e+00 4.100000000000000000e+01
1.457904295308551073e+09 3.000000000000000000e+00 6.000000000000000000e+00 4.100000000000000000e+01
1.457904355335042953e+09 3.000000000000000000e+00 6.000000000000000000e+00 4.100000000000000000e+01
1.457904415360976934e+09 3.000000000000000000e+00 6.000000000000000000e+00 4.100000000000000000e+01
1.457904475383004904e+09 3.000000000000000000e+00 6.000000000000000000e+00 4.100000000000000000e+01
1.457904535408689976e+09 3.000000000000000000e+00 6.000000000000000000e+00 4.100000000000000000e+01
1.457904595431083918e+09 3.000000000000000000e+00 6.000000000000000000e+00 4.100000000000000000e+01
1.457904655456195116e+09 3.000000000000000000e+00 6.000000000000000000e+00 4.100000000000000000e+01
1.457904715480554104e+09 3.000000000000000000e+00 6.000000000000000000e+00 4.100000000000000000e+01
1.457904775503392935e+09 3.000000000000000000e+00 6.000000000000000000e+00 4.100000000000000000e+01
1.457904835528934956e+09 3.000000000000000000e+00 6.000000000000000000e+00 4.100000000000000000e+01
1.457904895553128958e+09 3.000000000000000000e+00 6.000000000000000000e+00 4.100000000000000000e+01
1.457904955576965094e+09 3.000000000000000000e+00 6.000000000000000000e+00 4.100000000000000000e+01
1.457905015599499941e+09 3.000000000000000000e+00 6.000000000000000000e+00 4.100000000000000000e+01
1.457905075621212959e+09 3.000000000000000000e+00 6.000000000000000000e+00 4.100000000000000000e+01
1.457905135646811962e+09 3.000000000000000000e+00 6.000000000000000000e+00 4.100000000000000000e+01
1.457905195761168003e+09 3.000000000000000000e+00 6.000000000000000000e+00 4.100000000000000000e+01
1.457905255785233974e+09 3.000000000000000000e+00 6.000000000000000000e+00 4.200000000000000000e+01
1.457905315812798977e+09 3.000000000000000000e+00 6.000000000000000000e+00 4.200000000000000000e+01
1.457905375835850000e+09 3.000000000000000000e+00 6.000000000000000000e+00 4.200000000000000000e+01
1.457905435860675097e+09 8.000000000000000000e+00 1.100000000000000000e+01 4.100000000000000000e+01
1.457905495889746904e+09 8.000000000000000000e+00 1.100000000000000000e+01 4.100000000000000000e+01
1.457905555920578957e+09 8.000000000000000000e+00 1.100000000000000000e+01 4.100000000000000000e+01
1.457905615945226908e+09 8.000000000000000000e+00 1.100000000000000000e+01 4.100000000000000000e+01
1.457905675975052118e+09 8.000000000000000000e+00 1.100000000000000000e+01 4.100000000000000000e+01
1.457905736001573086e+09 8.000000000000000000e+00 1.100000000000000000e+01 4.100000000000000000e+01
1.457905796024205923e+09 8.000000000000000000e+00 1.100000000000000000e+01 4.100000000000000000e+01
1.457905856047667980e+09 8.000000000000000000e+00 1.100000000000000000e+01 4.100000000000000000e+01
1.457905916164896965e+09 8.000000000000000000e+00 1.100000000000000000e+01 4.100000000000000000e+01
1.457905976191910982e+09 8.000000000000000000e+00 1.100000000000000000e+01 4.200000000000000000e+01
1.457906036217175007e+09 8.000000000000000000e+00 1.100000000000000000e+01 4.200000000000000000e+01
1.457906096243211985e+09 8.000000000000000000e+00 1.100000000000000000e+01 4.200000000000000000e+01
1.457906156272049904e+09 8.000000000000000000e+00 1.100000000000000000e+01 4.200000000000000000e+01
1.457906216298569918e+09 8.000000000000000000e+00 1.100000000000000000e+01 4.200000000000000000e+01
1.457906276321656942e+09 8.000000000000000000e+00 1.100000000000000000e+01 4.200000000000000000e+01
1.457906336350908995e+09 8.000000000000000000e+00 1.100000000000000000e+01 4.300000000000000000e+01
1.457906396375596046e+09 8.000000000000000000e+00 1.100000000000000000e+01 4.300000000000000000e+01
1.457906456424798012e+09 8.000000000000000000e+00 1.100000000000000000e+01 4.300000000000000000e+01
1.457906516452017069e+09 8.000000000000000000e+00 1.100000000000000000e+01 4.300000000000000000e+01
1.457906576481779099e+09 8.000000000000000000e+00 8.000000000000000000e+00 4.400000000000000000e+01
1.457906636505606890e+09 8.000000000000000000e+00 8.000000000000000000e+00 4.400000000000000000e+01
1.457906696531054974e+09 8.000000000000000000e+00 8.000000000000000000e+00 4.400000000000000000e+01
1.457906756560168982e+09 8.000000000000000000e+00 8.000000000000000000e+00 4.400000000000000000e+01
1.457906816586457014e+09 7.000000000000000000e+00 8.000000000000000000e+00 4.400000000000000000e+01
1.457906876610793114e+09 7.000000000000000000e+00 8.000000000000000000e+00 4.400000000000000000e+01
1.457906936635319948e+09 7.000000000000000000e+00 8.000000000000000000e+00 4.400000000000000000e+01
1.457906996661278963e+09 7.000000000000000000e+00 8.000000000000000000e+00 4.400000000000000000e+01
1.457907056690336943e+09 7.000000000000000000e+00 8.000000000000000000e+00 4.400000000000000000e+01
1.457907116720031023e+09 7.000000000000000000e+00 8.000000000000000000e+00 4.400000000000000000e+01
1.457907176746529102e+09 7.000000000000000000e+00 8.000000000000000000e+00 4.400000000000000000e+01
1.457907236776828051e+09 6.000000000000000000e+00 8.000000000000000000e+00 4.400000000000000000e+01
1.457907296803097963e+09 6.000000000000000000e+00 8.000000000000000000e+00 4.400000000000000000e+01
1.457907356827071905e+09 6.000000000000000000e+00 8.000000000000000000e+00 4.400000000000000000e+01
1.457907416851816893e+09 6.000000000000000000e+00 8.000000000000000000e+00 4.400000000000000000e+01
1.457907476878009081e+09 6.000000000000000000e+00 8.000000000000000000e+00 4.400000000000000000e+01
1.457907536901700020e+09 6.000000000000000000e+00 8.000000000000000000e+00 4.400000000000000000e+01
1.457907596927747011e+09 6.000000000000000000e+00 8.000000000000000000e+00 4.400000000000000000e+01
1.457907656952204943e+09 6.000000000000000000e+00 8.000000000000000000e+00 4.400000000000000000e+01
1.457907716980850935e+09 6.000000000000000000e+00 8.000000000000000000e+00 4.400000000000000000e+01
1.457907777008388996e+09 6.000000000000000000e+00 8.000000000000000000e+00 4.400000000000000000e+01
1.457907837033926010e+09 6.000000000000000000e+00 8.000000000000000000e+00 4.400000000000000000e+01
1.457907897058909893e+09 6.000000000000000000e+00 8.000000000000000000e+00 4.400000000000000000e+01
1.457907957082110882e+09 6.000000000000000000e+00 8.000000000000000000e+00 4.400000000000000000e+01
1.457908017106472969e+09 6.000000000000000000e+00 8.000000000000000000e+00 4.400000000000000000e+01
1.457908077131386042e+09 6.000000000000000000e+00 8.000000000000000000e+00 4.400000000000000000e+01
1.457908137155894995e+09 6.000000000000000000e+00 8.000000000000000000e+00 4.400000000000000000e+01
1.457908197185317993e+09 6.000000000000000000e+00 8.000000000000000000e+00 4.400000000000000000e+01
1.457908257212496996e+09 6.000000000000000000e+00 8.000000000000000000e+00 4.400000000000000000e+01
1.457908317240344048e+09 6.000000000000000000e+00 8.000000000000000000e+00 4.400000000000000000e+01
1.457908377269038916e+09 6.000000000000000000e+00 8.000000000000000000e+00 4.400000000000000000e+01
1.457908437302850962e+09 6.000000000000000000e+00 8.000000000000000000e+00 4.400000000000000000e+01
1.457908497331518888e+09 6.000000000000000000e+00 8.000000000000000000e+00 4.400000000000000000e+01
1.457908557356389999e+09 6.000000000000000000e+00 8.000000000000000000e+00 4.400000000000000000e+01
1.457908617380825043e+09 6.000000000000000000e+00 8.000000000000000000e+00 4.400000000000000000e+01
1.457908677405056000e+09 6.000000000000000000e+00 8.000000000000000000e+00 4.400000000000000000e+01
1.457908737430541992e+09 6.000000000000000000e+00 8.000000000000000000e+00 4.500000000000000000e+01
1.457908797456119061e+09 6.000000000000000000e+00 8.000000000000000000e+00 4.500000000000000000e+01
1.457908857485238075e+09 6.000000000000000000e+00 8.000000000000000000e+00 4.500000000000000000e+01
1.457908917510505915e+09 6.000000000000000000e+00 8.000000000000000000e+00 4.500000000000000000e+01
1.457908977535821915e+09 6.000000000000000000e+00 8.000000000000000000e+00 4.500000000000000000e+01
1.457909037560417891e+09 6.000000000000000000e+00 8.000000000000000000e+00 4.500000000000000000e+01
1.457909097586076975e+09 6.000000000000000000e+00 8.000000000000000000e+00 4.500000000000000000e+01
1.457909157611443996e+09 6.000000000000000000e+00 8.000000000000000000e+00 4.500000000000000000e+01
1.457909217635968924e+09 6.000000000000000000e+00 8.000000000000000000e+00 4.500000000000000000e+01
1.457909277665491104e+09 6.000000000000000000e+00 8.000000000000000000e+00 4.500000000000000000e+01
1.457909337691426992e+09 6.000000000000000000e+00 8.000000000000000000e+00 4.500000000000000000e+01
1.457909397722476959e+09 6.000000000000000000e+00 8.000000000000000000e+00 4.500000000000000000e+01
1.457909457751512051e+09 6.000000000000000000e+00 8.000000000000000000e+00 4.600000000000000000e+01
1.457909517778450966e+09 6.000000000000000000e+00 8.000000000000000000e+00 4.600000000000000000e+01
1.457909577802108049e+09 6.000000000000000000e+00 8.000000000000000000e+00 4.600000000000000000e+01
1.457909637826503992e+09 6.000000000000000000e+00 8.000000000000000000e+00 4.600000000000000000e+01
1.457909697850594997e+09 6.000000000000000000e+00 8.000000000000000000e+00 4.600000000000000000e+01
1.457909757874305964e+09 5.000000000000000000e+00 8.000000000000000000e+00 4.600000000000000000e+01
1.457909817900249958e+09 5.000000000000000000e+00 8.000000000000000000e+00 4.600000000000000000e+01
1.457909877929384947e+09 5.000000000000000000e+00 8.000000000000000000e+00 4.600000000000000000e+01
1.457909937956435919e+09 5.000000000000000000e+00 8.000000000000000000e+00 4.600000000000000000e+01
1.457909997982949972e+09 5.000000000000000000e+00 8.000000000000000000e+00 4.600000000000000000e+01
1.457910058008258104e+09 5.000000000000000000e+00 8.000000000000000000e+00 4.600000000000000000e+01
1.457910118038841009e+09 5.000000000000000000e+00 8.000000000000000000e+00 4.600000000000000000e+01
1.457910178064882994e+09 5.000000000000000000e+00 8.000000000000000000e+00 4.600000000000000000e+01
1.457910238091094971e+09 5.000000000000000000e+00 8.000000000000000000e+00 4.600000000000000000e+01
1.457910298114566088e+09 5.000000000000000000e+00 8.000000000000000000e+00 4.600000000000000000e+01
1.457910358138468981e+09 5.000000000000000000e+00 8.000000000000000000e+00 4.600000000000000000e+01
1.457910418163330078e+09 5.000000000000000000e+00 8.000000000000000000e+00 4.600000000000000000e+01
1.457910478188445091e+09 5.000000000000000000e+00 8.000000000000000000e+00 4.700000000000000000e+01
1.457910538217422962e+09 5.000000000000000000e+00 8.000000000000000000e+00 4.700000000000000000e+01
1.457910598246220112e+09 5.000000000000000000e+00 8.000000000000000000e+00 4.700000000000000000e+01
1.457910658270405054e+09 5.000000000000000000e+00 8.000000000000000000e+00 4.700000000000000000e+01
1.457910718294506073e+09 5.000000000000000000e+00 8.000000000000000000e+00 4.700000000000000000e+01
1.457910778319792986e+09 5.000000000000000000e+00 8.000000000000000000e+00 4.700000000000000000e+01
1.457910838351085901e+09 5.000000000000000000e+00 8.000000000000000000e+00 4.700000000000000000e+01
1.457910898376983881e+09 5.000000000000000000e+00 8.000000000000000000e+00 4.700000000000000000e+01
1.457910958403584003e+09 5.000000000000000000e+00 8.000000000000000000e+00 4.700000000000000000e+01
1.457911018430974960e+09 5.000000000000000000e+00 8.000000000000000000e+00 4.700000000000000000e+01
1.457911078459602118e+09 5.000000000000000000e+00 8.000000000000000000e+00 4.700000000000000000e+01
1.457911138485766888e+09 5.000000000000000000e+00 8.000000000000000000e+00 4.700000000000000000e+01
1.457911198509977102e+09 5.000000000000000000e+00 8.000000000000000000e+00 4.700000000000000000e+01
1.457911258534920931e+09 5.000000000000000000e+00 8.000000000000000000e+00 4.700000000000000000e+01
1.457911318565753937e+09 5.000000000000000000e+00 8.000000000000000000e+00 4.700000000000000000e+01
1.457911378593127966e+09 5.000000000000000000e+00 8.000000000000000000e+00 4.700000000000000000e+01
1.457911438618880033e+09 5.000000000000000000e+00 5.000000000000000000e+00 4.300000000000000000e+01
1.457911498643129110e+09 5.000000000000000000e+00 5.000000000000000000e+00 4.300000000000000000e+01
1.457911558672429085e+09 4.000000000000000000e+00 5.000000000000000000e+00 4.300000000000000000e+01
1.457911618700680017e+09 4.000000000000000000e+00 5.000000000000000000e+00 4.300000000000000000e+01
1.457911678726279020e+09 4.000000000000000000e+00 5.000000000000000000e+00 4.300000000000000000e+01
1.457911738894902945e+09 4.000000000000000000e+00 5.000000000000000000e+00 4.300000000000000000e+01
1.457911798927436113e+09 4.000000000000000000e+00 5.000000000000000000e+00 4.300000000000000000e+01
1.457911858952455044e+09 4.000000000000000000e+00 5.000000000000000000e+00 4.300000000000000000e+01
1.457911918977821112e+09 4.000000000000000000e+00 5.000000000000000000e+00 4.300000000000000000e+01
1.457911979002347946e+09 4.000000000000000000e+00 5.000000000000000000e+00 4.300000000000000000e+01
1.457912039026499033e+09 4.000000000000000000e+00 5.000000000000000000e+00 4.300000000000000000e+01
1.457912099051448107e+09 4.000000000000000000e+00 5.000000000000000000e+00 4.300000000000000000e+01
1.457912159076219082e+09 4.000000000000000000e+00 5.000000000000000000e+00 4.300000000000000000e+01
1.457912219105881929e+09 4.000000000000000000e+00 5.000000000000000000e+00 4.300000000000000000e+01
1.457912279132021904e+09 4.000000000000000000e+00 5.000000000000000000e+00 4.300000000000000000e+01
1.457912339157171011e+09 4.000000000000000000e+00 5.000000000000000000e+00 4.300000000000000000e+01
1.457912399182425022e+09 3.000000000000000000e+00 5.000000000000000000e+00 4.300000000000000000e+01
1.457912459211991072e+09 3.000000000000000000e+00 5.000000000000000000e+00 4.300000000000000000e+01
1.457912519276245117e+09 3.000000000000000000e+00 5.000000000000000000e+00 4.300000000000000000e+01
1.457912579301768064e+09 3.000000000000000000e+00 5.000000000000000000e+00 4.500000000000000000e+01
1.457912639325987101e+09 3.000000000000000000e+00 5.000000000000000000e+00 4.500000000000000000e+01
1.457912699350737095e+09 3.000000000000000000e+00 5.000000000000000000e+00 4.500000000000000000e+01
1.457912759373744965e+09 3.000000000000000000e+00 5.000000000000000000e+00 4.500000000000000000e+01
1.457912819399116993e+09 3.000000000000000000e+00 5.000000000000000000e+00 4.500000000000000000e+01
1.457912879423624039e+09 3.000000000000000000e+00 5.000000000000000000e+00 4.500000000000000000e+01
1.457912939453598022e+09 3.000000000000000000e+00 5.000000000000000000e+00 4.600000000000000000e+01
1.457912999479568958e+09 3.000000000000000000e+00 5.000000000000000000e+00 4.600000000000000000e+01
1.457913059506480932e+09 3.000000000000000000e+00 5.000000000000000000e+00 4.600000000000000000e+01
1.457913119531462908e+09 3.000000000000000000e+00 5.000000000000000000e+00 4.600000000000000000e+01
1.457913179563244104e+09 3.000000000000000000e+00 5.000000000000000000e+00 4.600000000000000000e+01
1.457913239590029955e+09 3.000000000000000000e+00 5.000000000000000000e+00 4.600000000000000000e+01
1.457913299614047050e+09 3.000000000000000000e+00 5.000000000000000000e+00 4.600000000000000000e+01
1.457913359637984991e+09 3.000000000000000000e+00 5.000000000000000000e+00 4.600000000000000000e+01
1.457913419662952900e+09 3.000000000000000000e+00 5.000000000000000000e+00 4.600000000000000000e+01
1.457913479688061953e+09 3.000000000000000000e+00 5.000000000000000000e+00 4.600000000000000000e+01
1.457913539717356920e+09 3.000000000000000000e+00 5.000000000000000000e+00 4.600000000000000000e+01
1.457913599744031906e+09 3.000000000000000000e+00 5.000000000000000000e+00 4.700000000000000000e+01
1.457913659770690918e+09 3.000000000000000000e+00 5.000000000000000000e+00 4.700000000000000000e+01
1.457913719796451092e+09 3.000000000000000000e+00 5.000000000000000000e+00 4.700000000000000000e+01
1.457913779826674938e+09 3.000000000000000000e+00 5.000000000000000000e+00 4.700000000000000000e+01
1.457913839855350971e+09 3.000000000000000000e+00 5.000000000000000000e+00 4.700000000000000000e+01
1.457913899880662918e+09 3.000000000000000000e+00 5.000000000000000000e+00 4.700000000000000000e+01
1.457913959909780025e+09 3.000000000000000000e+00 5.000000000000000000e+00 4.800000000000000000e+01
1.457914019937275887e+09 3.000000000000000000e+00 5.000000000000000000e+00 4.800000000000000000e+01
1.457914079962409973e+09 3.000000000000000000e+00 5.000000000000000000e+00 4.800000000000000000e+01
1.457914139988137007e+09 3.000000000000000000e+00 5.000000000000000000e+00 4.800000000000000000e+01
1.457914200018085003e+09 3.000000000000000000e+00 5.000000000000000000e+00 4.800000000000000000e+01
1.457914260045671940e+09 3.000000000000000000e+00 5.000000000000000000e+00 4.800000000000000000e+01
1.457914320069977999e+09 3.000000000000000000e+00 5.000000000000000000e+00 4.800000000000000000e+01
1.457914380095673084e+09 3.000000000000000000e+00 5.000000000000000000e+00 4.800000000000000000e+01
1.457914440123613119e+09 3.000000000000000000e+00 5.000000000000000000e+00 4.800000000000000000e+01
1.457914500151614904e+09 3.000000000000000000e+00 5.000000000000000000e+00 4.800000000000000000e+01
1.457914560178922892e+09 3.000000000000000000e+00 5.000000000000000000e+00 4.800000000000000000e+01
1.457914620237653971e+09 3.000000000000000000e+00 5.000000000000000000e+00 4.800000000000000000e+01
1.457914680262885094e+09 3.000000000000000000e+00 5.000000000000000000e+00 4.800000000000000000e+01
1.457914740294737101e+09 3.000000000000000000e+00 5.000000000000000000e+00 4.800000000000000000e+01
1.457914800322865963e+09 3.000000000000000000e+00 5.000000000000000000e+00 4.800000000000000000e+01
1.457914860349648952e+09 3.000000000000000000e+00 5.000000000000000000e+00 4.800000000000000000e+01
1.457914920386256933e+09 3.000000000000000000e+00 5.000000000000000000e+00 4.800000000000000000e+01
1.457914980414870977e+09 3.000000000000000000e+00 5.000000000000000000e+00 4.800000000000000000e+01
1.457915040444391966e+09 3.000000000000000000e+00 5.000000000000000000e+00 4.800000000000000000e+01
1.457915100475548029e+09 3.000000000000000000e+00 5.000000000000000000e+00 4.800000000000000000e+01
1.457915160501053095e+09 3.000000000000000000e+00 5.000000000000000000e+00 4.800000000000000000e+01
1.457915220526182890e+09 3.000000000000000000e+00 5.000000000000000000e+00 4.800000000000000000e+01
1.457915280551625967e+09 3.000000000000000000e+00 5.000000000000000000e+00 4.800000000000000000e+01
1.457915340581291914e+09 3.000000000000000000e+00 3.000000000000000000e+00 4.400000000000000000e+01
1.457915400609745026e+09 2.000000000000000000e+00 3.000000000000000000e+00 4.400000000000000000e+01
1.457915460638387918e+09 2.000000000000000000e+00 3.000000000000000000e+00 4.400000000000000000e+01
1.457915520667550087e+09 2.000000000000000000e+00 3.000000000000000000e+00 4.400000000000000000e+01
1.457915580692980051e+09 2.000000000000000000e+00 3.000000000000000000e+00 4.400000000000000000e+01
1.457915640719683886e+09 2.000000000000000000e+00 3.000000000000000000e+00 4.400000000000000000e+01
1.457915700750891924e+09 2.000000000000000000e+00 3.000000000000000000e+00 4.400000000000000000e+01
1.457915760777797937e+09 2.000000000000000000e+00 3.000000000000000000e+00 4.400000000000000000e+01
1.457915820803832054e+09 2.000000000000000000e+00 3.000000000000000000e+00 4.400000000000000000e+01
1.457915880832690001e+09 2.000000000000000000e+00 3.000000000000000000e+00 4.400000000000000000e+01
1.457915940858928919e+09 2.000000000000000000e+00 3.000000000000000000e+00 4.400000000000000000e+01
1.457916000885664940e+09 2.000000000000000000e+00 3.000000000000000000e+00 4.400000000000000000e+01
1.457916060910454988e+09 2.000000000000000000e+00 3.000000000000000000e+00 4.400000000000000000e+01
1.457916120940941095e+09 2.000000000000000000e+00 3.000000000000000000e+00 4.400000000000000000e+01
1.457916180969816923e+09 2.000000000000000000e+00 3.000000000000000000e+00 4.400000000000000000e+01
1.457916240995552063e+09 2.000000000000000000e+00 3.000000000000000000e+00 4.400000000000000000e+01
1.457916301026226044e+09 2.000000000000000000e+00 3.000000000000000000e+00 4.400000000000000000e+01
1.457916361054152012e+09 2.000000000000000000e+00 3.000000000000000000e+00 4.400000000000000000e+01
1.457916421079428911e+09 2.000000000000000000e+00 3.000000000000000000e+00 4.400000000000000000e+01
1.457916481109265089e+09 2.000000000000000000e+00 3.000000000000000000e+00 4.400000000000000000e+01
1.457916541135025978e+09 2.000000000000000000e+00 3.000000000000000000e+00 4.400000000000000000e+01
1.457916601162461996e+09 2.000000000000000000e+00 3.000000000000000000e+00 4.400000000000000000e+01
1.457916661186712027e+09 2.000000000000000000e+00 3.000000000000000000e+00 4.400000000000000000e+01
1.457916721210370064e+09 2.000000000000000000e+00 3.000000000000000000e+00 4.400000000000000000e+01
1.457916781236063957e+09 2.000000000000000000e+00 3.000000000000000000e+00 4.400000000000000000e+01
1.457916841266002893e+09 2.000000000000000000e+00 3.000000000000000000e+00 4.400000000000000000e+01
1.457916901292637110e+09 2.000000000000000000e+00 3.000000000000000000e+00 4.500000000000000000e+01
1.457916961317023039e+09 2.000000000000000000e+00 3.000000000000000000e+00 4.500000000000000000e+01
1.457917021342376947e+09 2.000000000000000000e+00 3.000000000000000000e+00 4.500000000000000000e+01
1.457917081366494894e+09 2.000000000000000000e+00 3.000000000000000000e+00 4.500000000000000000e+01
1.457917141391973972e+09 2.000000000000000000e+00 3.000000000000000000e+00 4.500000000000000000e+01
1.457917201422713041e+09 2.000000000000000000e+00 3.000000000000000000e+00 4.500000000000000000e+01
1.457917261450020075e+09 2.000000000000000000e+00 3.000000000000000000e+00 4.600000000000000000e+01
1.457917321474071980e+09 2.000000000000000000e+00 3.000000000000000000e+00 4.600000000000000000e+01
1.457917381499376059e+09 2.000000000000000000e+00 3.000000000000000000e+00 4.600000000000000000e+01
1.457917441524310112e+09 2.000000000000000000e+00 3.000000000000000000e+00 4.600000000000000000e+01
1.457917501552939892e+09 2.000000000000000000e+00 3.000000000000000000e+00 4.600000000000000000e+01
1.457917561578632116e+09 2.000000000000000000e+00 3.000000000000000000e+00 4.600000000000000000e+01
1.457917621605258942e+09 2.000000000000000000e+00 3.000000000000000000e+00 4.600000000000000000e+01
1.457917681632864952e+09 2.000000000000000000e+00 3.000000000000000000e+00 4.600000000000000000e+01
1.457917741660978079e+09 2.000000000000000000e+00 3.000000000000000000e+00 4.600000000000000000e+01
1.457917801688072920e+09 2.000000000000000000e+00 3.000000000000000000e+00 4.600000000000000000e+01
1.457917861714633942e+09 2.000000000000000000e+00 3.000000000000000000e+00 4.600000000000000000e+01
1.457917921739768028e+09 2.000000000000000000e+00 3.000000000000000000e+00 4.600000000000000000e+01
1.457917981769097090e+09 2.000000000000000000e+00 3.000000000000000000e+00 4.600000000000000000e+01
1.457918041796294928e+09 2.000000000000000000e+00 3.000000000000000000e+00 4.600000000000000000e+01
1.457918101828516960e+09 2.000000000000000000e+00 3.000000000000000000e+00 4.600000000000000000e+01
1.457918161855783939e+09 2.000000000000000000e+00 3.000000000000000000e+00 4.600000000000000000e+01
1.457918221889096022e+09 2.000000000000000000e+00 3.000000000000000000e+00 4.600000000000000000e+01
1.457918281917432070e+09 2.000000000000000000e+00 3.000000000000000000e+00 4.600000000000000000e+01
1.457918341948514938e+09 2.000000000000000000e+00 3.000000000000000000e+00 4.600000000000000000e+01
1.457918401993678093e+09 2.000000000000000000e+00 3.000000000000000000e+00 4.600000000000000000e+01
1.457918462021493912e+09 2.000000000000000000e+00 3.000000000000000000e+00 4.600000000000000000e+01
1.457918522050338984e+09 2.000000000000000000e+00 3.000000000000000000e+00 4.600000000000000000e+01
1.457918582077271938e+09 2.000000000000000000e+00 3.000000000000000000e+00 4.600000000000000000e+01
1.457918642106882095e+09 2.000000000000000000e+00 3.000000000000000000e+00 4.600000000000000000e+01
1.457918702133244991e+09 2.000000000000000000e+00 3.000000000000000000e+00 4.600000000000000000e+01
1.457918762159333944e+09 2.000000000000000000e+00 3.000000000000000000e+00 4.600000000000000000e+01
1.457918822183583021e+09 2.000000000000000000e+00 3.000000000000000000e+00 4.600000000000000000e+01
1.457918882214714050e+09 2.000000000000000000e+00 3.000000000000000000e+00 4.600000000000000000e+01
1.457918942241444111e+09 2.000000000000000000e+00 3.000000000000000000e+00 4.600000000000000000e+01
1.457919002267926931e+09 1.000000000000000000e+00 3.000000000000000000e+00 4.600000000000000000e+01
1.457919062298257113e+09 1.000000000000000000e+00 3.000000000000000000e+00 4.600000000000000000e+01
1.457919122324475050e+09 1.000000000000000000e+00 3.000000000000000000e+00 4.600000000000000000e+01
1.457919182351411104e+09 1.000000000000000000e+00 3.000000000000000000e+00 4.600000000000000000e+01
1.457919242377525091e+09 1.000000000000000000e+00 3.000000000000000000e+00 4.600000000000000000e+01
1.457919302406821012e+09 1.000000000000000000e+00 3.000000000000000000e+00 4.600000000000000000e+01
1.457919362432583094e+09 1.000000000000000000e+00 3.000000000000000000e+00 4.600000000000000000e+01
1.457919422457799911e+09 1.000000000000000000e+00 3.000000000000000000e+00 4.600000000000000000e+01
1.457919482483328104e+09 1.000000000000000000e+00 3.000000000000000000e+00 4.600000000000000000e+01
1.457919542507596970e+09 1.000000000000000000e+00 3.000000000000000000e+00 4.600000000000000000e+01
1.457919602538151026e+09 1.000000000000000000e+00 3.000000000000000000e+00 4.600000000000000000e+01
1.457919662566188097e+09 3.000000000000000000e+00 3.000000000000000000e+00 4.400000000000000000e+01
1.457919722593494892e+09 3.000000000000000000e+00 3.000000000000000000e+00 4.400000000000000000e+01
1.457919782622124910e+09 3.000000000000000000e+00 3.000000000000000000e+00 4.400000000000000000e+01
1.457919842650160074e+09 3.000000000000000000e+00 3.000000000000000000e+00 4.400000000000000000e+01
1.457919902677592993e+09 3.000000000000000000e+00 3.000000000000000000e+00 4.400000000000000000e+01
1.457919962705394030e+09 3.000000000000000000e+00 3.000000000000000000e+00 4.400000000000000000e+01
1.457920022729280949e+09 3.000000000000000000e+00 3.000000000000000000e+00 4.400000000000000000e+01
1.457920082757719994e+09 3.000000000000000000e+00 3.000000000000000000e+00 4.400000000000000000e+01
1.457920142785062075e+09 3.000000000000000000e+00 3.000000000000000000e+00 4.400000000000000000e+01
1.457920202814912081e+09 2.000000000000000000e+00 3.000000000000000000e+00 4.400000000000000000e+01
1.457920262841770887e+09 2.000000000000000000e+00 3.000000000000000000e+00 4.400000000000000000e+01
1.457920322872402906e+09 2.000000000000000000e+00 3.000000000000000000e+00 4.400000000000000000e+01
1.457920382905590057e+09 2.000000000000000000e+00 3.000000000000000000e+00 4.400000000000000000e+01
1.457920442928741932e+09 2.000000000000000000e+00 3.000000000000000000e+00 4.500000000000000000e+01
1.457920502952617884e+09 2.000000000000000000e+00 3.000000000000000000e+00 4.500000000000000000e+01
1.457920562975967884e+09 2.000000000000000000e+00 3.000000000000000000e+00 4.500000000000000000e+01
1.457920623004112005e+09 2.000000000000000000e+00 3.000000000000000000e+00 4.500000000000000000e+01
1.457920683034025908e+09 2.000000000000000000e+00 3.000000000000000000e+00 4.500000000000000000e+01
1.457920743060094118e+09 2.000000000000000000e+00 3.000000000000000000e+00 4.500000000000000000e+01
1.457920803158459902e+09 2.000000000000000000e+00 3.000000000000000000e+00 4.500000000000000000e+01
1.457920863185039043e+09 2.000000000000000000e+00 3.000000000000000000e+00 4.500000000000000000e+01
1.457920923218017101e+09 2.000000000000000000e+00 3.000000000000000000e+00 4.500000000000000000e+01
1.457920983247257948e+09 2.000000000000000000e+00 3.000000000000000000e+00 4.500000000000000000e+01
1.457921043274200916e+09 2.000000000000000000e+00 3.000000000000000000e+00 4.500000000000000000e+01
1.457921103300889969e+09 2.000000000000000000e+00 3.000000000000000000e+00 4.500000000000000000e+01
1.457921163329780102e+09 2.000000000000000000e+00 3.000000000000000000e+00 4.500000000000000000e+01
1.457921223357120037e+09 2.000000000000000000e+00 3.000000000000000000e+00 4.500000000000000000e+01
1.457921283384110928e+09 2.000000000000000000e+00 3.000000000000000000e+00 4.500000000000000000e+01
1.457921343414721012e+09 2.000000000000000000e+00 3.000000000000000000e+00 4.500000000000000000e+01
1.457921403441464901e+09 2.000000000000000000e+00 3.000000000000000000e+00 4.500000000000000000e+01
1.457921463467921972e+09 2.000000000000000000e+00 3.000000000000000000e+00 4.500000000000000000e+01
1.457921523498784065e+09 2.000000000000000000e+00 3.000000000000000000e+00 4.500000000000000000e+01
1.457921583525676966e+09 2.000000000000000000e+00 3.000000000000000000e+00 4.500000000000000000e+01
1.457921643557482004e+09 2.000000000000000000e+00 3.000000000000000000e+00 4.500000000000000000e+01
1.457921703585092068e+09 2.000000000000000000e+00 3.000000000000000000e+00 4.500000000000000000e+01
1.457921763612875938e+09 2.000000000000000000e+00 3.000000000000000000e+00 4.500000000000000000e+01
1.457921823641635895e+09 2.000000000000000000e+00 3.000000000000000000e+00 4.500000000000000000e+01
1.457921883669490099e+09 2.000000000000000000e+00 3.000000000000000000e+00 4.500000000000000000e+01
1.457921943697230101e+09 2.000000000000000000e+00 3.000000000000000000e+00 4.500000000000000000e+01
1.457922003726047039e+09 2.000000000000000000e+00 3.000000000000000000e+00 4.500000000000000000e+01
1.457922063752418041e+09 2.000000000000000000e+00 3.000000000000000000e+00 4.500000000000000000e+01
1.457922123779510021e+09 2.000000000000000000e+00 3.000000000000000000e+00 4.500000000000000000e+01
1.457922183812176943e+09 2.000000000000000000e+00 3.000000000000000000e+00 4.500000000000000000e+01
1.457922243839308977e+09 2.000000000000000000e+00 3.000000000000000000e+00 4.500000000000000000e+01
1.457922303863615990e+09 2.000000000000000000e+00 3.000000000000000000e+00 4.500000000000000000e+01
1.457922363891243935e+09 2.000000000000000000e+00 3.000000000000000000e+00 4.500000000000000000e+01
1.457922423922043085e+09 2.000000000000000000e+00 3.000000000000000000e+00 4.500000000000000000e+01
1.457922483947650909e+09 2.000000000000000000e+00 3.000000000000000000e+00 4.500000000000000000e+01
1.457922543978576899e+09 2.000000000000000000e+00 3.000000000000000000e+00 4.500000000000000000e+01
1.457922604004605055e+09 2.000000000000000000e+00 3.000000000000000000e+00 4.500000000000000000e+01
1.457922664062227964e+09 2.000000000000000000e+00 3.000000000000000000e+00 4.500000000000000000e+01
1.457922724087704897e+09 2.000000000000000000e+00 3.000000000000000000e+00 4.500000000000000000e+01
1.457922784115597963e+09 2.000000000000000000e+00 3.000000000000000000e+00 4.500000000000000000e+01
1.457922844144205093e+09 2.000000000000000000e+00 3.000000000000000000e+00 4.500000000000000000e+01
1.457922904173580885e+09 2.000000000000000000e+00 3.000000000000000000e+00 4.500000000000000000e+01
1.457922964199901104e+09 2.000000000000000000e+00 3.000000000000000000e+00 4.500000000000000000e+01
1.457923024230793953e+09 2.000000000000000000e+00 3.000000000000000000e+00 4.500000000000000000e+01
1.457923084257931948e+09 2.000000000000000000e+00 3.000000000000000000e+00 4.500000000000000000e+01
1.457923144287681103e+09 2.000000000000000000e+00 2.000000000000000000e+00 4.000000000000000000e+01
1.457923204317946911e+09 2.000000000000000000e+00 2.000000000000000000e+00 4.000000000000000000e+01
1.457923264343132973e+09 3.000000000000000000e+00 3.000000000000000000e+00 3.900000000000000000e+01
1.457923324376069069e+09 3.000000000000000000e+00 3.000000000000000000e+00 3.900000000000000000e+01
1.457923384402796030e+09 3.000000000000000000e+00 3.000000000000000000e+00 3.900000000000000000e+01
1.457923444430865049e+09 3.000000000000000000e+00 3.000000000000000000e+00 3.900000000000000000e+01
1.457923504459856033e+09 3.000000000000000000e+00 3.000000000000000000e+00 3.900000000000000000e+01
1.457923564485492945e+09 3.000000000000000000e+00 3.000000000000000000e+00 3.900000000000000000e+01
1.457923624511327028e+09 3.000000000000000000e+00 3.000000000000000000e+00 3.900000000000000000e+01
1.457923684545469046e+09 3.000000000000000000e+00 3.000000000000000000e+00 3.900000000000000000e+01
1.457923744570636034e+09 3.000000000000000000e+00 3.000000000000000000e+00 3.900000000000000000e+01
1.457923804594533920e+09 3.000000000000000000e+00 3.000000000000000000e+00 3.900000000000000000e+01
1.457923864619618893e+09 3.000000000000000000e+00 3.000000000000000000e+00 3.900000000000000000e+01
1.457923924649604082e+09 3.000000000000000000e+00 3.000000000000000000e+00 3.900000000000000000e+01
1.457923984674341917e+09 3.000000000000000000e+00 3.000000000000000000e+00 3.900000000000000000e+01
1.457924044699906111e+09 3.000000000000000000e+00 3.000000000000000000e+00 3.900000000000000000e+01
1.457924104725925922e+09 3.000000000000000000e+00 3.000000000000000000e+00 3.900000000000000000e+01
1.457924164749515057e+09 3.000000000000000000e+00 3.000000000000000000e+00 3.900000000000000000e+01
1.457924224774846077e+09 3.000000000000000000e+00 3.000000000000000000e+00 3.900000000000000000e+01
1.457924284799964905e+09 3.000000000000000000e+00 3.000000000000000000e+00 3.900000000000000000e+01
1.457924344830322027e+09 3.000000000000000000e+00 3.000000000000000000e+00 3.900000000000000000e+01
1.457924404857192039e+09 3.000000000000000000e+00 3.000000000000000000e+00 3.900000000000000000e+01
1.457924464882308960e+09 3.000000000000000000e+00 3.000000000000000000e+00 3.900000000000000000e+01
1.457924524906306028e+09 3.000000000000000000e+00 3.000000000000000000e+00 3.900000000000000000e+01
1.457924584930202007e+09 3.000000000000000000e+00 3.000000000000000000e+00 3.900000000000000000e+01
1.457924644958303928e+09 3.000000000000000000e+00 3.000000000000000000e+00 3.900000000000000000e+01
1.457924705075972080e+09 3.000000000000000000e+00 3.000000000000000000e+00 4.000000000000000000e+01
1.457924765100322962e+09 3.000000000000000000e+00 3.000000000000000000e+00 4.000000000000000000e+01
1.457924825127440929e+09 3.000000000000000000e+00 3.000000000000000000e+00 4.000000000000000000e+01
1.457924885154221058e+09 3.000000000000000000e+00 3.000000000000000000e+00 4.000000000000000000e+01
1.457924945181077957e+09 3.000000000000000000e+00 3.000000000000000000e+00 4.000000000000000000e+01
1.457925005208874941e+09 3.000000000000000000e+00 3.000000000000000000e+00 4.000000000000000000e+01
1.457925065492782116e+09 3.000000000000000000e+00 3.000000000000000000e+00 4.000000000000000000e+01
1.457925125516362906e+09 3.000000000000000000e+00 3.000000000000000000e+00 4.000000000000000000e+01
1.457925185542449951e+09 3.000000000000000000e+00 3.000000000000000000e+00 4.000000000000000000e+01
1.457925245566267014e+09 3.000000000000000000e+00 3.000000000000000000e+00 4.000000000000000000e+01
1.457925305590673923e+09 3.000000000000000000e+00 3.000000000000000000e+00 4.000000000000000000e+01
1.457925365616117954e+09 3.000000000000000000e+00 3.000000000000000000e+00 4.000000000000000000e+01
1.457925425646373987e+09 3.000000000000000000e+00 3.000000000000000000e+00 4.000000000000000000e+01
1.457925485673108101e+09 3.000000000000000000e+00 3.000000000000000000e+00 4.000000000000000000e+01
1.457925545698357105e+09 3.000000000000000000e+00 3.000000000000000000e+00 4.000000000000000000e+01
1.457925605723162889e+09 3.000000000000000000e+00 3.000000000000000000e+00 4.000000000000000000e+01
1.457925665746970892e+09 3.000000000000000000e+00 3.000000000000000000e+00 4.000000000000000000e+01
1.457925725775623083e+09 3.000000000000000000e+00 3.000000000000000000e+00 4.000000000000000000e+01
1.457925785804379940e+09 3.000000000000000000e+00 3.000000000000000000e+00 4.000000000000000000e+01
1.457925845829047918e+09 3.000000000000000000e+00 3.000000000000000000e+00 4.000000000000000000e+01
1.457925905853524923e+09 3.000000000000000000e+00 3.000000000000000000e+00 4.000000000000000000e+01
1.457925965877322912e+09 3.000000000000000000e+00 3.000000000000000000e+00 4.000000000000000000e+01
1.457926025903847933e+09 3.000000000000000000e+00 3.000000000000000000e+00 4.000000000000000000e+01
1.457926085930912971e+09 3.000000000000000000e+00 3.000000000000000000e+00 4.000000000000000000e+01
1.457926145957652092e+09 3.000000000000000000e+00 3.000000000000000000e+00 4.000000000000000000e+01
1.457926205984930038e+09 3.000000000000000000e+00 3.000000000000000000e+00 4.000000000000000000e+01
1.457926266010757923e+09 3.000000000000000000e+00 3.000000000000000000e+00 4.000000000000000000e+01
1.457926326035044909e+09 3.000000000000000000e+00 3.000000000000000000e+00 4.000000000000000000e+01
1.457926386065963030e+09 3.000000000000000000e+00 3.000000000000000000e+00 4.000000000000000000e+01
1.457926446093554020e+09 3.000000000000000000e+00 3.000000000000000000e+00 4.000000000000000000e+01
1.457926506118302107e+09 3.000000000000000000e+00 3.000000000000000000e+00 4.000000000000000000e+01
1.457926566141495943e+09 3.000000000000000000e+00 3.000000000000000000e+00 4.100000000000000000e+01
1.457926626165076017e+09 3.000000000000000000e+00 3.000000000000000000e+00 4.100000000000000000e+01
1.457926686190735102e+09 3.000000000000000000e+00 3.000000000000000000e+00 4.100000000000000000e+01
1.457926746214323044e+09 3.000000000000000000e+00 3.000000000000000000e+00 4.100000000000000000e+01
1.457926806239032030e+09 3.000000000000000000e+00 3.000000000000000000e+00 4.100000000000000000e+01
1.457926866268547058e+09 9.000000000000000000e+00 9.000000000000000000e+00 3.900000000000000000e+01
1.457926926294745922e+09 9.000000000000000000e+00 9.000000000000000000e+00 4.000000000000000000e+01
1.457926986320863008e+09 1.900000000000000000e+01 1.900000000000000000e+01 3.100000000000000000e+01
1.457927046353590012e+09 1.800000000000000000e+01 1.900000000000000000e+01 3.100000000000000000e+01
1.457927106379867077e+09 1.800000000000000000e+01 1.900000000000000000e+01 3.100000000000000000e+01
1.457927166405381918e+09 1.800000000000000000e+01 1.900000000000000000e+01 3.100000000000000000e+01
1.457927226433329105e+09 1.800000000000000000e+01 1.900000000000000000e+01 3.100000000000000000e+01
1.457927286463448048e+09 1.800000000000000000e+01 1.900000000000000000e+01 3.200000000000000000e+01
1.457927346489921093e+09 1.800000000000000000e+01 1.900000000000000000e+01 3.200000000000000000e+01
1.457927406515477896e+09 1.800000000000000000e+01 1.900000000000000000e+01 3.200000000000000000e+01
1.457927466546436071e+09 1.800000000000000000e+01 1.900000000000000000e+01 3.200000000000000000e+01
1.457927526573445082e+09 1.500000000000000000e+01 1.500000000000000000e+01 2.800000000000000000e+01
1.457927586598999023e+09 1.500000000000000000e+01 1.500000000000000000e+01 2.800000000000000000e+01
1.457927646629883051e+09 1.500000000000000000e+01 1.500000000000000000e+01 2.800000000000000000e+01
1.457927706657391071e+09 1.500000000000000000e+01 1.500000000000000000e+01 2.800000000000000000e+01
1.457927766682140112e+09 1.200000000000000000e+01 1.500000000000000000e+01 2.800000000000000000e+01
1.457927826707079887e+09 1.200000000000000000e+01 1.500000000000000000e+01 2.800000000000000000e+01
1.457927886731975079e+09 1.200000000000000000e+01 1.500000000000000000e+01 2.800000000000000000e+01
1.457927946761971951e+09 1.200000000000000000e+01 1.500000000000000000e+01 2.800000000000000000e+01
1.457928006788166046e+09 1.200000000000000000e+01 1.500000000000000000e+01 2.800000000000000000e+01
1.457928066846839905e+09 1.200000000000000000e+01 1.500000000000000000e+01 2.800000000000000000e+01
1.457928126871994972e+09 1.200000000000000000e+01 1.500000000000000000e+01 2.800000000000000000e+01
1.457928187019303083e+09 1.200000000000000000e+01 1.500000000000000000e+01 3.000000000000000000e+01
1.457928247043824911e+09 1.000000000000000000e+01 1.500000000000000000e+01 3.000000000000000000e+01
1.457928307071552992e+09 1.000000000000000000e+01 1.500000000000000000e+01 3.000000000000000000e+01
1.457928367098381042e+09 1.000000000000000000e+01 1.500000000000000000e+01 3.000000000000000000e+01
1.457928427126466036e+09 1.000000000000000000e+01 1.500000000000000000e+01 3.000000000000000000e+01
1.457928487150873899e+09 1.000000000000000000e+01 1.500000000000000000e+01 3.000000000000000000e+01
1.457928547179883957e+09 1.000000000000000000e+01 1.500000000000000000e+01 3.000000000000000000e+01
1.457928607204500914e+09 1.000000000000000000e+01 1.500000000000000000e+01 3.000000000000000000e+01
1.457928667248399019e+09 1.000000000000000000e+01 1.500000000000000000e+01 3.000000000000000000e+01
1.457928727277072906e+09 1.000000000000000000e+01 1.500000000000000000e+01 3.000000000000000000e+01
1.457928787302452087e+09 1.000000000000000000e+01 1.500000000000000000e+01 3.000000000000000000e+01
1.457928847327464104e+09 1.000000000000000000e+01 1.500000000000000000e+01 3.000000000000000000e+01
1.457928907353493929e+09 1.000000000000000000e+01 1.500000000000000000e+01 3.000000000000000000e+01
1.457928967378779888e+09 1.000000000000000000e+01 1.500000000000000000e+01 3.000000000000000000e+01
1.457929027409950018e+09 1.000000000000000000e+01 1.500000000000000000e+01 3.000000000000000000e+01
1.457929087533083916e+09 1.000000000000000000e+01 1.500000000000000000e+01 3.000000000000000000e+01
1.457929147557759047e+09 1.000000000000000000e+01 1.500000000000000000e+01 3.000000000000000000e+01
1.457929207581281900e+09 1.000000000000000000e+01 1.500000000000000000e+01 3.000000000000000000e+01
1.457929267606708050e+09 1.000000000000000000e+01 1.500000000000000000e+01 3.000000000000000000e+01
1.457929327637073994e+09 1.000000000000000000e+01 1.500000000000000000e+01 3.000000000000000000e+01
1.457929387665453911e+09 1.000000000000000000e+01 1.500000000000000000e+01 3.000000000000000000e+01
1.457929447689591885e+09 1.000000000000000000e+01 1.500000000000000000e+01 3.000000000000000000e+01
1.457929507713058949e+09 1.000000000000000000e+01 1.500000000000000000e+01 3.000000000000000000e+01
1.457929567737143993e+09 1.000000000000000000e+01 1.500000000000000000e+01 3.000000000000000000e+01
1.457929627762326956e+09 1.000000000000000000e+01 1.500000000000000000e+01 3.000000000000000000e+01
1.457929687787708998e+09 1.000000000000000000e+01 1.500000000000000000e+01 3.000000000000000000e+01
1.457929747818341017e+09 1.000000000000000000e+01 1.500000000000000000e+01 3.000000000000000000e+01
1.457929807843569040e+09 1.000000000000000000e+01 1.500000000000000000e+01 3.000000000000000000e+01
1.457929867869112015e+09 1.000000000000000000e+01 1.500000000000000000e+01 3.000000000000000000e+01
1.457929927895076990e+09 1.000000000000000000e+01 1.500000000000000000e+01 3.000000000000000000e+01
1.457929987919457912e+09 1.000000000000000000e+01 1.500000000000000000e+01 3.000000000000000000e+01
1.457930047950589895e+09 1.000000000000000000e+01 1.500000000000000000e+01 3.000000000000000000e+01
1.457930107978347063e+09 1.000000000000000000e+01 1.500000000000000000e+01 3.000000000000000000e+01
1.457930168007282972e+09 1.000000000000000000e+01 1.500000000000000000e+01 3.000000000000000000e+01
1.457930228062191010e+09 1.000000000000000000e+01 1.500000000000000000e+01 3.000000000000000000e+01
1.457930288087213993e+09 1.000000000000000000e+01 1.500000000000000000e+01 3.000000000000000000e+01
1.457930348111326933e+09 1.000000000000000000e+01 1.500000000000000000e+01 3.000000000000000000e+01
1.457930408134850979e+09 1.000000000000000000e+01 1.500000000000000000e+01 3.000000000000000000e+01
1.457930468166593075e+09 1.000000000000000000e+01 1.500000000000000000e+01 3.000000000000000000e+01
1.457930528192699909e+09 1.000000000000000000e+01 1.500000000000000000e+01 3.000000000000000000e+01
1.457930588218480110e+09 1.000000000000000000e+01 1.500000000000000000e+01 3.000000000000000000e+01
1.457930648242768049e+09 1.000000000000000000e+01 1.500000000000000000e+01 3.000000000000000000e+01
1.457930708266530991e+09 1.000000000000000000e+01 1.500000000000000000e+01 3.000000000000000000e+01
1.457930768292102098e+09 1.000000000000000000e+01 1.500000000000000000e+01 3.000000000000000000e+01
1.457930828321492910e+09 1.000000000000000000e+01 1.500000000000000000e+01 3.000000000000000000e+01
1.457930888349642038e+09 1.000000000000000000e+01 1.500000000000000000e+01 3.000000000000000000e+01
1.457930948374494076e+09 1.000000000000000000e+01 1.500000000000000000e+01 3.000000000000000000e+01
1.457931008399091005e+09 1.000000000000000000e+01 1.500000000000000000e+01 3.000000000000000000e+01
1.457931068434516907e+09 1.000000000000000000e+01 1.500000000000000000e+01 3.000000000000000000e+01
1.457931128483622074e+09 1.000000000000000000e+01 1.500000000000000000e+01 3.000000000000000000e+01
1.457931188512280941e+09 1.000000000000000000e+01 1.500000000000000000e+01 3.000000000000000000e+01
1.457931248540831089e+09 1.000000000000000000e+01 1.500000000000000000e+01 3.000000000000000000e+01
1.457931308566888094e+09 1.000000000000000000e+01 1.000000000000000000e+01 2.800000000000000000e+01
1.457931368597855091e+09 1.000000000000000000e+01 1.000000000000000000e+01 2.800000000000000000e+01
1.457931428623260975e+09 1.000000000000000000e+01 1.000000000000000000e+01 2.800000000000000000e+01
1.457931488649902105e+09 1.000000000000000000e+01 1.000000000000000000e+01 2.800000000000000000e+01
1.457931548676352978e+09 1.000000000000000000e+01 1.000000000000000000e+01 2.800000000000000000e+01
1.457931608707250118e+09 1.000000000000000000e+01 1.000000000000000000e+01 2.800000000000000000e+01
1.457931668732552052e+09 1.000000000000000000e+01 1.000000000000000000e+01 2.800000000000000000e+01
1.457931728759332895e+09 1.000000000000000000e+01 1.000000000000000000e+01 2.800000000000000000e+01
1.457931788791064024e+09 1.000000000000000000e+01 1.000000000000000000e+01 2.800000000000000000e+01
1.457931848817495108e+09 1.000000000000000000e+01 1.000000000000000000e+01 2.800000000000000000e+01
1.457931908843046904e+09 1.000000000000000000e+01 1.000000000000000000e+01 2.800000000000000000e+01
1.457931968871936083e+09 1.000000000000000000e+01 1.000000000000000000e+01 2.800000000000000000e+01
1.457932028900818110e+09 1.000000000000000000e+01 1.000000000000000000e+01 2.800000000000000000e+01
1.457932088928507090e+09 1.000000000000000000e+01 1.000000000000000000e+01 2.800000000000000000e+01
1.457932148958596945e+09 1.000000000000000000e+01 1.000000000000000000e+01 2.800000000000000000e+01
1.457932208984205961e+09 1.000000000000000000e+01 1.000000000000000000e+01 2.800000000000000000e+01
1.457932269009155035e+09 1.000000000000000000e+01 1.000000000000000000e+01 2.800000000000000000e+01
1.457932329035041094e+09 1.000000000000000000e+01 1.000000000000000000e+01 2.800000000000000000e+01
1.457932389066440105e+09 1.000000000000000000e+01 1.000000000000000000e+01 2.800000000000000000e+01
1.457932449094022989e+09 1.000000000000000000e+01 1.000000000000000000e+01 2.800000000000000000e+01
1.457932509119316101e+09 1.000000000000000000e+01 1.000000000000000000e+01 2.800000000000000000e+01
1.457932569150321960e+09 1.000000000000000000e+01 1.000000000000000000e+01 2.800000000000000000e+01
1.457932629184463978e+09 1.000000000000000000e+01 1.000000000000000000e+01 2.800000000000000000e+01
1.457932689218166113e+09 1.000000000000000000e+01 1.000000000000000000e+01 2.800000000000000000e+01
1.457932749249142885e+09 1.000000000000000000e+01 1.000000000000000000e+01 2.800000000000000000e+01
1.457932809275098085e+09 1.000000000000000000e+01 1.000000000000000000e+01 2.800000000000000000e+01
1.457932869307024002e+09 1.000000000000000000e+01 1.000000000000000000e+01 2.800000000000000000e+01
1.457932929334548950e+09 1.000000000000000000e+01 1.000000000000000000e+01 2.800000000000000000e+01
1.457932989359054089e+09 1.000000000000000000e+01 1.000000000000000000e+01 2.800000000000000000e+01
1.457933049387964010e+09 9.000000000000000000e+00 1.000000000000000000e+01 2.800000000000000000e+01
1.457933109416971922e+09 9.000000000000000000e+00 1.000000000000000000e+01 2.800000000000000000e+01
1.457933169444423914e+09 9.000000000000000000e+00 1.000000000000000000e+01 2.800000000000000000e+01
1.457933229472560883e+09 9.000000000000000000e+00 1.000000000000000000e+01 2.800000000000000000e+01
1.457933289499507904e+09 8.000000000000000000e+00 1.000000000000000000e+01 2.800000000000000000e+01
1.457933349569767952e+09 9.000000000000000000e+00 9.000000000000000000e+00 2.700000000000000000e+01
1.457933409594893932e+09 6.000000000000000000e+00 9.000000000000000000e+00 2.800000000000000000e+01
1.457933469619863987e+09 6.000000000000000000e+00 9.000000000000000000e+00 2.800000000000000000e+01
1.457933529644289017e+09 6.000000000000000000e+00 9.000000000000000000e+00 2.800000000000000000e+01
1.457933589668946981e+09 5.000000000000000000e+00 9.000000000000000000e+00 2.800000000000000000e+01
1.457933649695944071e+09 5.000000000000000000e+00 9.000000000000000000e+00 2.800000000000000000e+01
1.457933709729101896e+09 5.000000000000000000e+00 9.000000000000000000e+00 2.800000000000000000e+01
1.457937076503611088e+09 5.000000000000000000e+00 9.000000000000000000e+00 2.800000000000000000e+01
1.457937137440018892e+09 9.000000000000000000e+00 1.100000000000000000e+01 2.800000000000000000e+01
1.457937197468311071e+09 6.000000000000000000e+00 1.000000000000000000e+01 2.700000000000000000e+01
1.457937257493794918e+09 5.000000000000000000e+00 1.000000000000000000e+01 2.700000000000000000e+01
1.457937317523468018e+09 5.000000000000000000e+00 1.000000000000000000e+01 2.700000000000000000e+01
1.457937377553886890e+09 5.000000000000000000e+00 1.000000000000000000e+01 2.700000000000000000e+01
1.457937437581747055e+09 5.000000000000000000e+00 1.000000000000000000e+01 2.700000000000000000e+01
1.457937497607254028e+09 5.000000000000000000e+00 1.000000000000000000e+01 2.700000000000000000e+01
1.457937557642800093e+09 5.000000000000000000e+00 1.000000000000000000e+01 2.700000000000000000e+01
1.457937617672786951e+09 5.000000000000000000e+00 1.000000000000000000e+01 2.700000000000000000e+01
1.457937677704989910e+09 5.000000000000000000e+00 1.000000000000000000e+01 2.700000000000000000e+01
1.457937737733227015e+09 5.000000000000000000e+00 1.000000000000000000e+01 2.700000000000000000e+01
1.457937797760829926e+09 5.000000000000000000e+00 1.000000000000000000e+01 2.700000000000000000e+01
1.457937857786853075e+09 5.000000000000000000e+00 1.000000000000000000e+01 2.700000000000000000e+01
1.457937917812863111e+09 5.000000000000000000e+00 1.000000000000000000e+01 2.700000000000000000e+01
1.457937977841118097e+09 5.000000000000000000e+00 1.000000000000000000e+01 2.700000000000000000e+01
1.457938037869416952e+09 5.000000000000000000e+00 1.000000000000000000e+01 2.700000000000000000e+01
