1.457895739139935017e+09 0.000000000000000000e+00 0.000000000000000000e+00 1.100000000000000000e+01
1.457895799157716036e+09 6.000000000000000000e+00 7.000000000000000000e+00 5.100000000000000000e+01
1.457895859177735090e+09 5.000000000000000000e+00 7.000000000000000000e+00 5.100000000000000000e+01
1.457895919198847055e+09 5.000000000000000000e+00 7.000000000000000000e+00 5.100000000000000000e+01
1.457895979266521931e+09 4.000000000000000000e+00 7.000000000000000000e+00 5.100000000000000000e+01
1.457896039285581112e+09 4.000000000000000000e+00 7.000000000000000000e+00 5.100000000000000000e+01
1.457896131404413939e+09 0.000000000000000000e+00 0.000000000000000000e+00 1.200000000000000000e+01
1.457896191421237946e+09 8.000000000000000000e+00 9.000000000000000000e+00 4.700000000000000000e+01
1.457896251438951015e+09 8.000000000000000000e+00 9.000000000000000000e+00 4.700000000000000000e+01
1.457896311459328890e+09 8.000000000000000000e+00 9.000000000000000000e+00 4.700000000000000000e+01
1.457896371487562895e+09 8.000000000000000000e+00 9.000000000000000000e+00 4.700000000000000000e+01
1.457896431506573915e+09 6.000000000000000000e+00 9.000000000000000000e+00 4.700000000000000000e+01
1.457896491528541088e+09 6.000000000000000000e+00 9.000000000000000000e+00 4.700000000000000000e+01
1.457896551550517082e+09 6.000000000000000000e+00 9.000000000000000000e+00 4.700000000000000000e+01
1.457896611572226048e+09 6.000000000000000000e+00 9.000000000000000000e+00 4.700000000000000000e+01
1.457896671595896006e+09 6.000000000000000000e+00 9.000000000000000000e+00 4.700000000000000000e+01
1.457896731620254993e+09 6.000000000000000000e+00 9.000000000000000000e+00 4.700000000000000000e+01
1.457896791644105911e+09 6.000000000000000000e+00 9.000000000000000000e+00 4.700000000000000000e+01
1.457896851666687012e+09 6.000000000000000000e+00 9.000000000000000000e+00 4.700000000000000000e+01
1.457896911690881968e+09 6.000000000000000000e+00 9.000000000000000000e+00 4.700000000000000000e+01
1.457896971712555885e+09 6.000000000000000000e+00 9.000000000000000000e+00 4.700000000000000000e+01
1.457897031733875990e+09 6.000000000000000000e+00 9.000000000000000000e+00 4.700000000000000000e+01
1.457897091754355907e+09 6.000000000000000000e+00 9.000000000000000000e+00 4.700000000000000000e+01
1.457897151776062965e+09 5.000000000000000000e+00 9.000000000000000000e+00 4.700000000000000000e+01
1.457897211798726082e+09 5.000000000000000000e+00 9.000000000000000000e+00 4.700000000000000000e+01
1.457897271822793007e+09 5.000000000000000000e+00 9.000000000000000000e+00 4.700000000000000000e+01
1.457897331846091986e+09 5.000000000000000000e+00 9.000000000000000000e+00 4.700000000000000000e+01
1.457897391871068954e+09 5.000000000000000000e+00 9.000000000000000000e+00 4.700000000000000000e+01
1.457897451893898964e+09 5.000000000000000000e+00 9.000000000000000000e+00 4.700000000000000000e+01
1.457897511917548895e+09 5.000000000000000000e+00 9.000000000000000000e+00 4.700000000000000000e+01
1.457897571940419912e+09 4.000000000000000000e+00 9.000000000000000000e+00 4.700000000000000000e+01
1.457897631959786892e+09 4.000000000000000000e+00 9.000000000000000000e+00 5.100000000000000000e+01
1.457897691979803085e+09 4.000000000000000000e+00 9.000000000000000000e+00 5.100000000000000000e+01
1.457897751998023033e+09 4.000000000000000000e+00 9.000000000000000000e+00 5.100000000000000000e+01
1.457897812020020008e+09 4.000000000000000000e+00 9.000000000000000000e+00 5.100000000000000000e+01
1.457897872042062998e+09 4.000000000000000000e+00 9.000000000000000000e+00 5.100000000000000000e+01
1.457897932061913967e+09 4.000000000000000000e+00 9.000000000000000000e+00 5.100000000000000000e+01
1.457897992084700108e+09 4.000000000000000000e+00 9.000000000000000000e+00 5.100000000000000000e+01
1.457898052108629942e+09 4.000000000000000000e+00 9.000000000000000000e+00 5.300000000000000000e+01
1.457898112134690046e+09 4.000000000000000000e+00 9.000000000000000000e+00 5.300000000000000000e+01
1.457898172158503056e+09 1.000000000000000000e+01 1.500000000000000000e+01 5.300000000000000000e+01
1.457898232182020903e+09 1.000000000000000000e+01 1.500000000000000000e+01 5.300000000000000000e+01
1.457898292207711935e+09 9.000000000000000000e+00 1.500000000000000000e+01 5.300000000000000000e+01
1.457898352232121944e+09 9.000000000000000000e+00 1.500000000000000000e+01 5.300000000000000000e+01
1.457898412254770994e+09 9.000000000000000000e+00 1.500000000000000000e+01 5.300000000000000000e+01
1.457898472276489973e+09 9.000000000000000000e+00 1.500000000000000000e+01 5.300000000000000000e+01
1.457898532301887035e+09 9.000000000000000000e+00 1.500000000000000000e+01 5.300000000000000000e+01
1.457898592327393055e+09 9.000000000000000000e+00 1.500000000000000000e+01 5.300000000000000000e+01
1.457898652351640940e+09 9.000000000000000000e+00 1.500000000000000000e+01 5.300000000000000000e+01
1.457898712420165062e+09 9.000000000000000000e+00 1.500000000000000000e+01 5.300000000000000000e+01
1.457898772445636988e+09 9.000000000000000000e+00 1.500000000000000000e+01 5.300000000000000000e+01
1.457898832468508959e+09 9.000000000000000000e+00 1.500000000000000000e+01 5.400000000000000000e+01
1.457898892492976904e+09 9.000000000000000000e+00 1.500000000000000000e+01 5.400000000000000000e+01
1.457898952515336990e+09 9.000000000000000000e+00 1.500000000000000000e+01 5.400000000000000000e+01
1.457899012542383909e+09 9.000000000000000000e+00 1.500000000000000000e+01 5.400000000000000000e+01
1.457899072569957018e+09 9.000000000000000000e+00 1.500000000000000000e+01 5.400000000000000000e+01
1.457899132597310066e+09 9.000000000000000000e+00 1.500000000000000000e+01 5.400000000000000000e+01
1.457899192626538038e+09 9.000000000000000000e+00 1.500000000000000000e+01 5.400000000000000000e+01
1.457899252747294903e+09 9.000000000000000000e+00 1.500000000000000000e+01 5.400000000000000000e+01
1.457899312767556906e+09 9.000000000000000000e+00 1.500000000000000000e+01 5.400000000000000000e+01
1.457899372792324066e+09 9.000000000000000000e+00 1.500000000000000000e+01 5.400000000000000000e+01
1.457899432818226099e+09 9.000000000000000000e+00 1.500000000000000000e+01 5.400000000000000000e+01
1.457899492838506937e+09 9.000000000000000000e+00 1.500000000000000000e+01 5.400000000000000000e+01
1.457899552857888937e+09 9.000000000000000000e+00 1.500000000000000000e+01 5.400000000000000000e+01
1.457899612885850906e+09 9.000000000000000000e+00 1.500000000000000000e+01 5.400000000000000000e+01
1.457899672908334970e+09 8.000000000000000000e+00 1.500000000000000000e+01 5.400000000000000000e+01
1.457899732931196928e+09 8.000000000000000000e+00 1.500000000000000000e+01 5.400000000000000000e+01
1.457899792951970100e+09 8.000000000000000000e+00 1.500000000000000000e+01 5.400000000000000000e+01
1.457899852973690033e+09 8.000000000000000000e+00 1.500000000000000000e+01 5.400000000000000000e+01
1.457899913001724005e+09 8.000000000000000000e+00 1.500000000000000000e+01 5.400000000000000000e+01
1.457899973023158073e+09 8.000000000000000000e+00 1.500000000000000000e+01 5.400000000000000000e+01
1.457900033048034906e+09 8.000000000000000000e+00 1.500000000000000000e+01 5.400000000000000000e+01
1.457900093069854021e+09 8.000000000000000000e+00 1.500000000000000000e+01 5.400000000000000000e+01
1.457900153092921972e+09 8.000000000000000000e+00 1.500000000000000000e+01 5.400000000000000000e+01
1.457900213117074013e+09 8.000000000000000000e+00 1.500000000000000000e+01 5.400000000000000000e+01
1.457900273139640093e+09 1.400000000000000000e+01 1.900000000000000000e+01 5.300000000000000000e+01
1.457900333166246891e+09 1.400000000000000000e+01 1.900000000000000000e+01 5.400000000000000000e+01
1.457900393189291954e+09 1.200000000000000000e+01 1.800000000000000000e+01 5.300000000000000000e+01
1.457900453218323946e+09 1.200000000000000000e+01 1.800000000000000000e+01 5.300000000000000000e+01
1.457900513241280079e+09 1.200000000000000000e+01 1.800000000000000000e+01 5.300000000000000000e+01
1.457900573263326883e+09 1.200000000000000000e+01 1.800000000000000000e+01 5.300000000000000000e+01
1.457900633291038990e+09 1.200000000000000000e+01 1.800000000000000000e+01 5.300000000000000000e+01
1.457900693313553095e+09 1.200000000000000000e+01 1.800000000000000000e+01 5.400000000000000000e+01
1.457900753335508108e+09 1.200000000000000000e+01 1.800000000000000000e+01 5.400000000000000000e+01
1.457900813363940001e+09 1.200000000000000000e+01 1.800000000000000000e+01 5.400000000000000000e+01
1.457900873394273043e+09 1.200000000000000000e+01 1.200000000000000000e+01 5.600000000000000000e+01
1.457900933420589924e+09 1.200000000000000000e+01 1.200000000000000000e+01 5.600000000000000000e+01
1.457900993445817947e+09 1.200000000000000000e+01 1.200000000000000000e+01 5.600000000000000000e+01
1.457901053468842983e+09 1.200000000000000000e+01 1.200000000000000000e+01 5.600000000000000000e+01
1.457901113490864992e+09 1.000000000000000000e+01 1.100000000000000000e+01 5.500000000000000000e+01
1.457901173517517090e+09 1.100000000000000000e+01 1.100000000000000000e+01 5.500000000000000000e+01
1.457901233544070959e+09 1.100000000000000000e+01 1.100000000000000000e+01 5.500000000000000000e+01
1.457901293567307949e+09 1.100000000000000000e+01 1.100000000000000000e+01 5.500000000000000000e+01
1.457901353591336012e+09 1.100000000000000000e+01 1.100000000000000000e+01 5.500000000000000000e+01
1.457901413614057064e+09 1.100000000000000000e+01 1.100000000000000000e+01 5.800000000000000000e+01
1.457901473635523081e+09 1.100000000000000000e+01 1.100000000000000000e+01 5.800000000000000000e+01
1.457901533661278963e+09 1.100000000000000000e+01 1.100000000000000000e+01 5.800000000000000000e+01
1.457901593683233976e+09 1.100000000000000000e+01 1.100000000000000000e+01 5.800000000000000000e+01
1.457901653968317986e+09 1.100000000000000000e+01 1.100000000000000000e+01 5.800000000000000000e+01
1.457901713988881111e+09 1.100000000000000000e+01 1.100000000000000000e+01 5.800000000000000000e+01
1.457901774011373043e+09 1.100000000000000000e+01 1.100000000000000000e+01 5.800000000000000000e+01
1.457901834031791925e+09 1.100000000000000000e+01 1.100000000000000000e+01 5.800000000000000000e+01
1.457901894083935976e+09 1.100000000000000000e+01 1.100000000000000000e+01 5.800000000000000000e+01
1.457901954105731964e+09 1.100000000000000000e+01 1.100000000000000000e+01 5.800000000000000000e+01
1.457902014130691051e+09 1.100000000000000000e+01 1.100000000000000000e+01 5.800000000000000000e+01
1.457902074158421993e+09 1.100000000000000000e+01 1.100000000000000000e+01 5.800000000000000000e+01
1.457902134179742098e+09 1.100000000000000000e+01 1.100000000000000000e+01 5.800000000000000000e+01
1.457902194285918951e+09 1.100000000000000000e+01 1.100000000000000000e+01 5.800000000000000000e+01
1.457902254308938026e+09 1.100000000000000000e+01 1.100000000000000000e+01 5.800000000000000000e+01
1.457902314330002069e+09 1.100000000000000000e+01 1.100000000000000000e+01 5.800000000000000000e+01
1.457902374354154110e+09 1.100000000000000000e+01 1.100000000000000000e+01 5.800000000000000000e+01
1.457902434378153086e+09 1.100000000000000000e+01 1.100000000000000000e+01 5.800000000000000000e+01
1.457902494400739908e+09 1.100000000000000000e+01 1.100000000000000000e+01 5.800000000000000000e+01
1.457902554422918081e+09 1.000000000000000000e+01 1.100000000000000000e+01 5.900000000000000000e+01
1.457902614444554090e+09 1.000000000000000000e+01 1.100000000000000000e+01 5.900000000000000000e+01
1.457902674467281103e+09 1.000000000000000000e+01 1.100000000000000000e+01 5.900000000000000000e+01
1.457902734487831116e+09 1.000000000000000000e+01 1.100000000000000000e+01 5.900000000000000000e+01
1.457902794569120884e+09 1.000000000000000000e+01 1.100000000000000000e+01 5.900000000000000000e+01
1.457902854588996887e+09 1.000000000000000000e+01 1.100000000000000000e+01 6.100000000000000000e+01
1.457902914613001108e+09 1.000000000000000000e+01 1.100000000000000000e+01 6.100000000000000000e+01
1.457902974635437012e+09 1.000000000000000000e+01 1.100000000000000000e+01 6.100000000000000000e+01
1.457903034656990051e+09 1.000000000000000000e+01 1.100000000000000000e+01 6.100000000000000000e+01
1.457903094679476023e+09 1.000000000000000000e+01 1.100000000000000000e+01 6.100000000000000000e+01
1.457903154703912973e+09 1.000000000000000000e+01 1.100000000000000000e+01 6.100000000000000000e+01
1.457903214725385904e+09 1.000000000000000000e+01 1.100000000000000000e+01 6.100000000000000000e+01
1.457903274753722906e+09 1.000000000000000000e+01 1.100000000000000000e+01 6.100000000000000000e+01
1.457903334776029110e+09 1.000000000000000000e+01 1.100000000000000000e+01 6.100000000000000000e+01
1.457903394808265924e+09 1.000000000000000000e+01 1.100000000000000000e+01 6.100000000000000000e+01
1.457903454833827972e+09 1.000000000000000000e+01 1.100000000000000000e+01 6.100000000000000000e+01
1.457903514857719898e+09 1.300000000000000000e+01 1.400000000000000000e+01 5.800000000000000000e+01
1.457903574880377054e+09 1.300000000000000000e+01 1.400000000000000000e+01 5.800000000000000000e+01
1.457903635032620907e+09 1.300000000000000000e+01 1.400000000000000000e+01 5.800000000000000000e+01
1.457903695060071945e+09 1.300000000000000000e+01 1.400000000000000000e+01 5.800000000000000000e+01
1.457903755090630054e+09 1.300000000000000000e+01 1.400000000000000000e+01 5.800000000000000000e+01
1.457903815113626957e+09 1.300000000000000000e+01 1.400000000000000000e+01 6.000000000000000000e+01
1.457903875138910055e+09 1.300000000000000000e+01 1.400000000000000000e+01 6.000000000000000000e+01
1.457903935168155909e+09 1.300000000000000000e+01 1.400000000000000000e+01 6.000000000000000000e+01
1.457903995190367937e+09 1.300000000000000000e+01 1.400000000000000000e+01 6.000000000000000000e+01
1.457904055212774038e+09 1.300000000000000000e+01 1.400000000000000000e+01 6.000000000000000000e+01
1.457904115238298893e+09 1.300000000000000000e+01 1.400000000000000000e+01 6.000000000000000000e+01
1.457904175261425972e+09 1.300000000000000000e+01 1.400000000000000000e+01 6.000000000000000000e+01
1.457904235288805962e+09 1.300000000000000000e+01 1.400000000000000000e+01 6.000000000000000000e+01
1.457904295313133001e+09 1.300000000000000000e+01 1.400000000000000000e+01 6.100000000000000000e+01
1.457904355341300964e+09 1.300000000000000000e+01 1.400000000000000000e+01 6.100000000000000000e+01
1.457904415365566015e+09 1.300000000000000000e+01 1.400000000000000000e+01 6.100000000000000000e+01
1.457904475389004946e+09 1.300000000000000000e+01 1.400000000000000000e+01 6.300000000000000000e+01
1.457904535412923098e+09 1.300000000000000000e+01 1.400000000000000000e+01 6.300000000000000000e+01
1.457904595437061071e+09 1.300000000000000000e+01 1.400000000000000000e+01 6.400000000000000000e+01
1.457904655461380959e+09 1.300000000000000000e+01 1.400000000000000000e+01 6.400000000000000000e+01
1.457904715485752106e+09 1.300000000000000000e+01 1.400000000000000000e+01 6.400000000000000000e+01
1.457904775507328033e+09 1.300000000000000000e+01 1.400000000000000000e+01 6.400000000000000000e+01
1.457904835534859896e+09 1.300000000000000000e+01 1.400000000000000000e+01 6.400000000000000000e+01
1.457904895558356047e+09 1.100000000000000000e+01 1.400000000000000000e+01 6.400000000000000000e+01
1.457904955582941055e+09 1.100000000000000000e+01 1.400000000000000000e+01 6.400000000000000000e+01
1.457905015602478027e+09 1.100000000000000000e+01 1.400000000000000000e+01 6.400000000000000000e+01
1.457905075626655102e+09 1.100000000000000000e+01 1.400000000000000000e+01 6.400000000000000000e+01
1.457905135742342949e+09 1.100000000000000000e+01 1.400000000000000000e+01 6.400000000000000000e+01
1.457905195766592026e+09 1.000000000000000000e+01 1.400000000000000000e+01 6.400000000000000000e+01
1.457905255790132999e+09 1.000000000000000000e+01 1.400000000000000000e+01 6.600000000000000000e+01
1.457905315816828966e+09 1.000000000000000000e+01 1.400000000000000000e+01 6.600000000000000000e+01
1.457905375840032101e+09 1.000000000000000000e+01 1.400000000000000000e+01 6.600000000000000000e+01
1.457905435869190931e+09 1.000000000000000000e+01 1.400000000000000000e+01 6.600000000000000000e+01
1.457905495897388935e+09 1.000000000000000000e+01 1.400000000000000000e+01 6.600000000000000000e+01
1.457905555925564051e+09 1.000000000000000000e+01 1.400000000000000000e+01 6.600000000000000000e+01
1.457905615950743914e+09 1.000000000000000000e+01 1.400000000000000000e+01 6.600000000000000000e+01
1.457905675981298923e+09 1.000000000000000000e+01 1.400000000000000000e+01 6.600000000000000000e+01
1.457905736006557941e+09 1.000000000000000000e+01 1.400000000000000000e+01 6.600000000000000000e+01
1.457905796028371096e+09 1.000000000000000000e+01 1.400000000000000000e+01 6.600000000000000000e+01
1.457905856053380966e+09 1.000000000000000000e+01 1.400000000000000000e+01 6.600000000000000000e+01
1.457905916172266960e+09 1.000000000000000000e+01 1.400000000000000000e+01 6.600000000000000000e+01
1.457905976197499037e+09 1.000000000000000000e+01 1.400000000000000000e+01 6.600000000000000000e+01
1.457906036223047018e+09 1.000000000000000000e+01 1.400000000000000000e+01 6.600000000000000000e+01
1.457906096250535011e+09 1.000000000000000000e+01 1.400000000000000000e+01 6.600000000000000000e+01
1.457906156278709888e+09 1.000000000000000000e+01 1.400000000000000000e+01 6.600000000000000000e+01
1.457906216302642107e+09 1.000000000000000000e+01 1.400000000000000000e+01 6.600000000000000000e+01
1.457906276328713894e+09 1.000000000000000000e+01 1.400000000000000000e+01 6.600000000000000000e+01
1.457906336355216980e+09 1.000000000000000000e+01 1.400000000000000000e+01 6.600000000000000000e+01
1.457906396379828930e+09 1.000000000000000000e+01 1.400000000000000000e+01 6.600000000000000000e+01
1.457906456430982113e+09 1.000000000000000000e+01 1.400000000000000000e+01 6.600000000000000000e+01
1.457906516459357023e+09 1.000000000000000000e+01 1.400000000000000000e+01 6.600000000000000000e+01
1.457906576486609936e+09 8.000000000000000000e+00 1.400000000000000000e+01 6.600000000000000000e+01
1.457906636510689020e+09 8.000000000000000000e+00 1.400000000000000000e+01 6.600000000000000000e+01
1.457906696539557934e+09 8.000000000000000000e+00 1.400000000000000000e+01 6.600000000000000000e+01
1.457906756565323114e+09 8.000000000000000000e+00 1.400000000000000000e+01 6.600000000000000000e+01
1.457906816593177080e+09 8.000000000000000000e+00 1.400000000000000000e+01 6.600000000000000000e+01
1.457906876615777016e+09 8.000000000000000000e+00 1.400000000000000000e+01 6.600000000000000000e+01
1.457906936641391039e+09 8.000000000000000000e+00 1.400000000000000000e+01 6.600000000000000000e+01
1.457906996667412996e+09 8.000000000000000000e+00 1.400000000000000000e+01 6.600000000000000000e+01
1.457907056697165012e+09 8.000000000000000000e+00 8.000000000000000000e+00 6.700000000000000000e+01
1.457907116725848913e+09 8.000000000000000000e+00 8.000000000000000000e+00 6.700000000000000000e+01
1.457907176752676010e+09 8.000000000000000000e+00 8.000000000000000000e+00 6.700000000000000000e+01
1.457907236782964945e+09 8.000000000000000000e+00 8.000000000000000000e+00 6.700000000000000000e+01
1.457907296809334993e+09 8.000000000000000000e+00 8.000000000000000000e+00 6.700000000000000000e+01
1.457907356831309080e+09 8.000000000000000000e+00 8.000000000000000000e+00 6.700000000000000000e+01
1.457907416857703924e+09 8.000000000000000000e+00 8.000000000000000000e+00 6.700000000000000000e+01
1.457907476882688999e+09 8.000000000000000000e+00 8.000000000000000000e+00 6.700000000000000000e+01
1.457907536906331062e+09 8.000000000000000000e+00 8.000000000000000000e+00 6.700000000000000000e+01
1.457907596932554960e+09 8.000000000000000000e+00 8.000000000000000000e+00 6.700000000000000000e+01
1.457907656958761930e+09 8.000000000000000000e+00 8.000000000000000000e+00 6.700000000000000000e+01
1.457907716988173008e+09 8.000000000000000000e+00 8.000000000000000000e+00 6.700000000000000000e+01
1.457907777013720036e+09 8.000000000000000000e+00 8.000000000000000000e+00 6.700000000000000000e+01
1.457907837038705111e+09 8.000000000000000000e+00 8.000000000000000000e+00 6.700000000000000000e+01
1.457907897063175917e+09 8.000000000000000000e+00 8.000000000000000000e+00 6.700000000000000000e+01
1.457907957086880922e+09 8.000000000000000000e+00 8.000000000000000000e+00 6.700000000000000000e+01
1.457908017110994101e+09 8.000000000000000000e+00 8.000000000000000000e+00 6.700000000000000000e+01
1.457908077135396004e+09 8.000000000000000000e+00 8.000000000000000000e+00 6.700000000000000000e+01
1.457908137164182901e+09 8.000000000000000000e+00 8.000000000000000000e+00 6.700000000000000000e+01
1.457908197192301035e+09 8.000000000000000000e+00 8.000000000000000000e+00 6.700000000000000000e+01
1.457908257218694925e+09 8.000000000000000000e+00 8.000000000000000000e+00 6.700000000000000000e+01
1.457908317247725010e+09 8.000000000000000000e+00 8.000000000000000000e+00 6.700000000000000000e+01
1.457908377277367115e+09 8.000000000000000000e+00 8.000000000000000000e+00 6.700000000000000000e+01
1.457908437311218023e+09 8.000000000000000000e+00 8.000000000000000000e+00 6.700000000000000000e+01
1.457908497337507010e+09 8.000000000000000000e+00 8.000000000000000000e+00 6.700000000000000000e+01
1.457908557361916065e+09 8.000000000000000000e+00 8.000000000000000000e+00 6.700000000000000000e+01
1.457908617386122942e+09 8.000000000000000000e+00 8.000000000000000000e+00 6.700000000000000000e+01
1.457908677410269022e+09 8.000000000000000000e+00 8.000000000000000000e+00 6.700000000000000000e+01
1.457908737434993982e+09 8.000000000000000000e+00 8.000000000000000000e+00 6.700000000000000000e+01
1.457908797463526964e+09 8.000000000000000000e+00 8.000000000000000000e+00 6.700000000000000000e+01
1.457908857491642952e+09 8.000000000000000000e+00 8.000000000000000000e+00 6.700000000000000000e+01
1.457908917517055988e+09 8.000000000000000000e+00 8.000000000000000000e+00 6.700000000000000000e+01
1.457908977541671991e+09 8.000000000000000000e+00 8.000000000000000000e+00 6.700000000000000000e+01
1.457909037567562103e+09 8.000000000000000000e+00 8.000000000000000000e+00 6.700000000000000000e+01
1.457909097590763092e+09 8.000000000000000000e+00 8.000000000000000000e+00 6.700000000000000000e+01
1.457909157615549088e+09 8.000000000000000000e+00 8.000000000000000000e+00 6.700000000000000000e+01
1.457909217644390106e+09 8.000000000000000000e+00 8.000000000000000000e+00 6.700000000000000000e+01
1.457909277672559023e+09 8.000000000000000000e+00 8.000000000000000000e+00 6.700000000000000000e+01
1.457909337697060108e+09 8.000000000000000000e+00 8.000000000000000000e+00 6.700000000000000000e+01
1.457909397730938911e+09 8.000000000000000000e+00 8.000000000000000000e+00 6.700000000000000000e+01
1.457909457757554054e+09 8.000000000000000000e+00 8.000000000000000000e+00 6.700000000000000000e+01
1.457909517783013105e+09 8.000000000000000000e+00 8.000000000000000000e+00 6.700000000000000000e+01
1.457909577806829929e+09 8.000000000000000000e+00 8.000000000000000000e+00 6.700000000000000000e+01
1.457909637831044912e+09 8.000000000000000000e+00 8.000000000000000000e+00 6.700000000000000000e+01
1.457909697855071068e+09 8.000000000000000000e+00 8.000000000000000000e+00 6.700000000000000000e+01
1.457909757878941059e+09 8.000000000000000000e+00 8.000000000000000000e+00 6.700000000000000000e+01
1.457909817908706903e+09 8.000000000000000000e+00 8.000000000000000000e+00 6.700000000000000000e+01
1.457909877936178923e+09 8.000000000000000000e+00 8.000000000000000000e+00 6.700000000000000000e+01
1.457909937961916924e+09 8.000000000000000000e+00 8.000000000000000000e+00 6.700000000000000000e+01
1.457909997987329960e+09 8.000000000000000000e+00 8.000000000000000000e+00 6.700000000000000000e+01
1.457910058016877890e+09 8.000000000000000000e+00 8.000000000000000000e+00 6.700000000000000000e+01
1.457910118045289993e+09 8.000000000000000000e+00 8.000000000000000000e+00 6.700000000000000000e+01
1.457910178070281029e+09 8.000000000000000000e+00 8.000000000000000000e+00 6.700000000000000000e+01
1.457910238095437050e+09 8.000000000000000000e+00 8.000000000000000000e+00 6.700000000000000000e+01
1.457910298119107962e+09 8.000000000000000000e+00 8.000000000000000000e+00 6.700000000000000000e+01
1.457910358143115997e+09 8.000000000000000000e+00 8.000000000000000000e+00 6.700000000000000000e+01
1.457910418167501926e+09 8.000000000000000000e+00 8.000000000000000000e+00 6.700000000000000000e+01
1.457910478196191072e+09 8.000000000000000000e+00 8.000000000000000000e+00 6.700000000000000000e+01
1.457910538224627018e+09 8.000000000000000000e+00 8.000000000000000000e+00 6.700000000000000000e+01
1.457910598250986099e+09 8.000000000000000000e+00 8.000000000000000000e+00 6.700000000000000000e+01
1.457910658275070906e+09 8.000000000000000000e+00 8.000000000000000000e+00 6.700000000000000000e+01
1.457910718299159050e+09 8.000000000000000000e+00 8.000000000000000000e+00 6.700000000000000000e+01
1.457910778328443050e+09 8.000000000000000000e+00 8.000000000000000000e+00 6.700000000000000000e+01
1.457910838357439041e+09 8.000000000000000000e+00 8.000000000000000000e+00 6.700000000000000000e+01
1.457910898382189989e+09 8.000000000000000000e+00 8.000000000000000000e+00 6.700000000000000000e+01
1.457910958408837080e+09 8.000000000000000000e+00 8.000000000000000000e+00 6.700000000000000000e+01
1.457911018439443111e+09 8.000000000000000000e+00 8.000000000000000000e+00 6.700000000000000000e+01
1.457911078465681076e+09 8.000000000000000000e+00 8.000000000000000000e+00 6.700000000000000000e+01
1.457911138490788937e+09 8.000000000000000000e+00 8.000000000000000000e+00 6.700000000000000000e+01
1.457911198514863014e+09 8.000000000000000000e+00 8.000000000000000000e+00 6.700000000000000000e+01
1.457911258543838024e+09 8.000000000000000000e+00 8.000000000000000000e+00 6.700000000000000000e+01
1.457911318572798014e+09 8.000000000000000000e+00 8.000000000000000000e+00 6.700000000000000000e+01
1.457911378598510027e+09 8.000000000000000000e+00 8.000000000000000000e+00 6.700000000000000000e+01
1.457911438623325109e+09 8.000000000000000000e+00 8.000000000000000000e+00 6.700000000000000000e+01
1.457911498649390936e+09 8.000000000000000000e+00 8.000000000000000000e+00 6.700000000000000000e+01
1.457911558680320978e+09 8.000000000000000000e+00 8.000000000000000000e+00 6.700000000000000000e+01
1.457911618706227064e+09 8.000000000000000000e+00 8.000000000000000000e+00 6.700000000000000000e+01
1.457911678731019020e+09 8.000000000000000000e+00 8.000000000000000000e+00 6.200000000000000000e+01
1.457911738901123047e+09 8.000000000000000000e+00 8.000000000000000000e+00 6.200000000000000000e+01
1.457911798933259964e+09 8.000000000000000000e+00 8.000000000000000000e+00 6.200000000000000000e+01
1.457911858957840919e+09 8.000000000000000000e+00 8.000000000000000000e+00 6.200000000000000000e+01
1.457911918982490063e+09 8.000000000000000000e+00 8.000000000000000000e+00 6.200000000000000000e+01
1.457911979006867886e+09 8.000000000000000000e+00 8.000000000000000000e+00 6.200000000000000000e+01
1.457912039031069040e+09 8.000000000000000000e+00 8.000000000000000000e+00 6.200000000000000000e+01
1.457912099055839062e+09 8.000000000000000000e+00 8.000000000000000000e+00 6.200000000000000000e+01
1.457912159084705114e+09 8.000000000000000000e+00 8.000000000000000000e+00 6.200000000000000000e+01
1.457912219112755060e+09 8.000000000000000000e+00 8.000000000000000000e+00 6.200000000000000000e+01
1.457912279137633085e+09 8.000000000000000000e+00 8.000000000000000000e+00 6.200000000000000000e+01
1.457912339162360907e+09 8.000000000000000000e+00 8.000000000000000000e+00 6.200000000000000000e+01
1.457912399186980009e+09 8.000000000000000000e+00 8.000000000000000000e+00 6.200000000000000000e+01
1.457912459219926119e+09 8.000000000000000000e+00 8.000000000000000000e+00 6.200000000000000000e+01
1.457912519281721115e+09 8.000000000000000000e+00 8.000000000000000000e+00 6.200000000000000000e+01
1.457912579306669950e+09 8.000000000000000000e+00 8.000000000000000000e+00 6.200000000000000000e+01
1.457912639330708027e+09 8.000000000000000000e+00 8.000000000000000000e+00 6.200000000000000000e+01
1.457912699355197906e+09 8.000000000000000000e+00 8.000000000000000000e+00 6.200000000000000000e+01
1.457912759377916098e+09 8.000000000000000000e+00 8.000000000000000000e+00 6.200000000000000000e+01
1.457912819403683901e+09 8.000000000000000000e+00 8.000000000000000000e+00 6.200000000000000000e+01
1.457912879432049990e+09 8.000000000000000000e+00 8.000000000000000000e+00 6.200000000000000000e+01
1.457912939460390091e+09 7.000000000000000000e+00 8.000000000000000000e+00 6.300000000000000000e+01
1.457912999485657930e+09 7.000000000000000000e+00 8.000000000000000000e+00 6.300000000000000000e+01
1.457913059511128902e+09 7.000000000000000000e+00 8.000000000000000000e+00 6.300000000000000000e+01
1.457913119540131092e+09 7.000000000000000000e+00 8.000000000000000000e+00 6.300000000000000000e+01
1.457913179569530010e+09 7.000000000000000000e+00 8.000000000000000000e+00 6.300000000000000000e+01
1.457913239594974041e+09 7.000000000000000000e+00 8.000000000000000000e+00 6.300000000000000000e+01
1.457913299618953943e+09 7.000000000000000000e+00 8.000000000000000000e+00 6.300000000000000000e+01
1.457913359642910004e+09 7.000000000000000000e+00 8.000000000000000000e+00 6.300000000000000000e+01
1.457913419667440891e+09 7.000000000000000000e+00 8.000000000000000000e+00 6.300000000000000000e+01
1.457913479695763111e+09 7.000000000000000000e+00 8.000000000000000000e+00 6.300000000000000000e+01
1.457913539724270105e+09 7.000000000000000000e+00 8.000000000000000000e+00 6.300000000000000000e+01
1.457913599749960899e+09 7.000000000000000000e+00 8.000000000000000000e+00 6.300000000000000000e+01
1.457913659775305033e+09 7.000000000000000000e+00 8.000000000000000000e+00 6.300000000000000000e+01
1.457913719805093050e+09 7.000000000000000000e+00 8.000000000000000000e+00 6.300000000000000000e+01
1.457913779833319902e+09 7.000000000000000000e+00 8.000000000000000000e+00 6.300000000000000000e+01
1.457913839859734058e+09 7.000000000000000000e+00 8.000000000000000000e+00 6.300000000000000000e+01
1.457913899889332056e+09 7.000000000000000000e+00 8.000000000000000000e+00 6.300000000000000000e+01
1.457913959916671991e+09 7.000000000000000000e+00 8.000000000000000000e+00 6.300000000000000000e+01
1.457914019942436934e+09 7.000000000000000000e+00 8.000000000000000000e+00 6.300000000000000000e+01
1.457914079967150927e+09 7.000000000000000000e+00 8.000000000000000000e+00 6.300000000000000000e+01
1.457914139996872902e+09 7.000000000000000000e+00 8.000000000000000000e+00 6.300000000000000000e+01
1.457914200024708986e+09 7.000000000000000000e+00 8.000000000000000000e+00 6.300000000000000000e+01
1.457914260050765991e+09 7.000000000000000000e+00 8.000000000000000000e+00 6.300000000000000000e+01
1.457914320074537992e+09 7.000000000000000000e+00 8.000000000000000000e+00 6.300000000000000000e+01
1.457914380101073027e+09 7.000000000000000000e+00 8.000000000000000000e+00 6.300000000000000000e+01
1.457914440129920006e+09 7.000000000000000000e+00 8.000000000000000000e+00 6.300000000000000000e+01
1.457914500157810926e+09 7.000000000000000000e+00 8.000000000000000000e+00 6.300000000000000000e+01
1.457914560183418036e+09 7.000000000000000000e+00 8.000000000000000000e+00 6.300000000000000000e+01
1.457914620242712021e+09 7.000000000000000000e+00 8.000000000000000000e+00 6.300000000000000000e+01
1.457914680270693064e+09 7.000000000000000000e+00 8.000000000000000000e+00 6.300000000000000000e+01
1.457914740301350117e+09 7.000000000000000000e+00 8.000000000000000000e+00 6.300000000000000000e+01
1.457914800327505112e+09 7.000000000000000000e+00 8.000000000000000000e+00 6.300000000000000000e+01
1.457914860358217955e+09 7.000000000000000000e+00 8.000000000000000000e+00 6.300000000000000000e+01
1.457914920394495964e+09 7.000000000000000000e+00 8.000000000000000000e+00 6.300000000000000000e+01
1.457914980421566010e+09 7.000000000000000000e+00 8.000000000000000000e+00 6.300000000000000000e+01
1.457915040453115940e+09 7.000000000000000000e+00 8.000000000000000000e+00 6.300000000000000000e+01
1.457915100481842995e+09 7.000000000000000000e+00 8.000000000000000000e+00 6.300000000000000000e+01
1.457915160506345034e+09 7.000000000000000000e+00 8.000000000000000000e+00 6.300000000000000000e+01
1.457915220530870914e+09 7.000000000000000000e+00 8.000000000000000000e+00 6.300000000000000000e+01
1.457915280559458017e+09 7.000000000000000000e+00 8.000000000000000000e+00 6.300000000000000000e+01
1.457915340588648081e+09 7.000000000000000000e+00 8.000000000000000000e+00 6.300000000000000000e+01
1.457915400615748882e+09 7.000000000000000000e+00 7.000000000000000000e+00 5.600000000000000000e+01
1.457915460646935940e+09 7.000000000000000000e+00 7.000000000000000000e+00 5.600000000000000000e+01
1.457915520673376083e+09 7.000000000000000000e+00 7.000000000000000000e+00 5.600000000000000000e+01
1.457915580698169947e+09 7.000000000000000000e+00 7.000000000000000000e+00 5.600000000000000000e+01
1.457915640728120089e+09 7.000000000000000000e+00 7.000000000000000000e+00 5.600000000000000000e+01
1.457915700757378101e+09 7.000000000000000000e+00 7.000000000000000000e+00 5.600000000000000000e+01
1.457915760782666922e+09 7.000000000000000000e+00 7.000000000000000000e+00 5.600000000000000000e+01
1.457915820812266111e+09 7.000000000000000000e+00 7.000000000000000000e+00 5.600000000000000000e+01
1.457915880839400053e+09 7.000000000000000000e+00 7.000000000000000000e+00 5.600000000000000000e+01
1.457915940865153074e+09 7.000000000000000000e+00 7.000000000000000000e+00 5.600000000000000000e+01
1.457916000890710115e+09 7.000000000000000000e+00 7.000000000000000000e+00 5.600000000000000000e+01
1.457916060917479038e+09 7.000000000000000000e+00 7.000000000000000000e+00 5.600000000000000000e+01
1.457916120948354006e+09 7.000000000000000000e+00 7.000000000000000000e+00 5.600000000000000000e+01
1.457916180974644899e+09 7.000000000000000000e+00 7.000000000000000000e+00 5.600000000000000000e+01
1.457916241003015995e+09 7.000000000000000000e+00 7.000000000000000000e+00 5.600000000000000000e+01
1.457916301032969952e+09 7.000000000000000000e+00 7.000000000000000000e+00 5.600000000000000000e+01
1.457916361058855057e+09 7.000000000000000000e+00 7.000000000000000000e+00 5.600000000000000000e+01
1.457916421087842941e+09 7.000000000000000000e+00 7.000000000000000000e+00 5.600000000000000000e+01
1.457916481113837957e+09 7.000000000000000000e+00 7.000000000000000000e+00 5.600000000000000000e+01
1.457916541141396046e+09 7.000000000000000000e+00 7.000000000000000000e+00 5.600000000000000000e+01
1.457916601167028904e+09 7.000000000000000000e+00 7.000000000000000000e+00 5.600000000000000000e+01
1.457916661191245079e+09 7.000000000000000000e+00 7.000000000000000000e+00 5.600000000000000000e+01
1.457916721215013027e+09 7.000000000000000000e+00 7.000000000000000000e+00 5.600000000000000000e+01
1.457916781243536949e+09 7.000000000000000000e+00 7.000000000000000000e+00 5.600000000000000000e+01
1.457916841272890091e+09 7.000000000000000000e+00 7.000000000000000000e+00 5.600000000000000000e+01
1.457916901297957897e+09 7.000000000000000000e+00 7.000000000000000000e+00 5.600000000000000000e+01
1.457916961322338104e+09 7.000000000000000000e+00 7.000000000000000000e+00 5.600000000000000000e+01
1.457917021346889973e+09 7.000000000000000000e+00 7.000000000000000000e+00 5.600000000000000000e+01
1.457917081371071100e+09 7.000000000000000000e+00 7.000000000000000000e+00 5.600000000000000000e+01
1.457917141400413036e+09 7.000000000000000000e+00 7.000000000000000000e+00 5.600000000000000000e+01
1.457917201429251909e+09 7.000000000000000000e+00 7.000000000000000000e+00 5.600000000000000000e+01
1.457917261454849005e+09 7.000000000000000000e+00 7.000000000000000000e+00 5.600000000000000000e+01
1.457917321478621960e+09 7.000000000000000000e+00 7.000000000000000000e+00 5.600000000000000000e+01
1.457917381503549099e+09 7.000000000000000000e+00 7.000000000000000000e+00 5.600000000000000000e+01
1.457917441532854080e+09 7.000000000000000000e+00 7.000000000000000000e+00 5.600000000000000000e+01
1.457917501559540033e+09 7.000000000000000000e+00 7.000000000000000000e+00 5.600000000000000000e+01
1.457917561585180044e+09 7.000000000000000000e+00 7.000000000000000000e+00 5.600000000000000000e+01
1.457917621611682892e+09 7.000000000000000000e+00 7.000000000000000000e+00 5.600000000000000000e+01
1.457917681639674902e+09 7.000000000000000000e+00 7.000000000000000000e+00 5.600000000000000000e+01
1.457917741668409109e+09 7.000000000000000000e+00 7.000000000000000000e+00 5.600000000000000000e+01
1.457917801693681955e+09 7.000000000000000000e+00 7.000000000000000000e+00 5.600000000000000000e+01
1.457917861719255924e+09 7.000000000000000000e+00 7.000000000000000000e+00 5.600000000000000000e+01
1.457917921747450113e+09 7.000000000000000000e+00 7.000000000000000000e+00 5.600000000000000000e+01
1.457917981776428938e+09 7.000000000000000000e+00 7.000000000000000000e+00 5.600000000000000000e+01
1.457918041804874897e+09 7.000000000000000000e+00 7.000000000000000000e+00 5.600000000000000000e+01
1.457918101835726976e+09 7.000000000000000000e+00 7.000000000000000000e+00 5.600000000000000000e+01
1.457918161861799955e+09 7.000000000000000000e+00 7.000000000000000000e+00 5.600000000000000000e+01
1.457918221896135092e+09 7.000000000000000000e+00 7.000000000000000000e+00 5.600000000000000000e+01
1.457918281926031113e+09 7.000000000000000000e+00 7.000000000000000000e+00 5.600000000000000000e+01
1.457918341955729008e+09 7.000000000000000000e+00 7.000000000000000000e+00 5.600000000000000000e+01
1.457918402000072002e+09 7.000000000000000000e+00 7.000000000000000000e+00 5.600000000000000000e+01
1.457918462028652906e+09 7.000000000000000000e+00 7.000000000000000000e+00 5.600000000000000000e+01
1.457918522054923058e+09 7.000000000000000000e+00 7.000000000000000000e+00 5.600000000000000000e+01
1.457918582085788965e+09 7.000000000000000000e+00 7.000000000000000000e+00 5.600000000000000000e+01
1.457918642113316059e+09 7.000000000000000000e+00 7.000000000000000000e+00 5.600000000000000000e+01
1.457918702138540983e+09 7.000000000000000000e+00 7.000000000000000000e+00 5.600000000000000000e+01
1.457918762163526058e+09 7.000000000000000000e+00 7.000000000000000000e+00 5.600000000000000000e+01
1.457918822191329002e+09 7.000000000000000000e+00 7.000000000000000000e+00 5.600000000000000000e+01
1.457918882221297979e+09 7.000000000000000000e+00 7.000000000000000000e+00 5.600000000000000000e+01
1.457918942247181892e+09 7.000000000000000000e+00 7.000000000000000000e+00 5.600000000000000000e+01
1.457919002275546074e+09 7.000000000000000000e+00 7.000000000000000000e+00 5.600000000000000000e+01
1.457919062305043936e+09 7.000000000000000000e+00 7.000000000000000000e+00 5.600000000000000000e+01
1.457919122330122948e+09 7.000000000000000000e+00 7.000000000000000000e+00 5.600000000000000000e+01
1.457919182355642080e+09 7.000000000000000000e+00 7.000000000000000000e+00 5.600000000000000000e+01
1.457919242386138916e+09 7.000000000000000000e+00 7.000000000000000000e+00 5.600000000000000000e+01
1.457919302413336039e+09 7.000000000000000000e+00 7.000000000000000000e+00 5.600000000000000000e+01
1.457919362438005924e+09 7.000000000000000000e+00 7.000000000000000000e+00 5.600000000000000000e+01
1.457919422463123083e+09 7.000000000000000000e+00 7.000000000000000000e+00 5.600000000000000000e+01
1.457919482487565041e+09 7.000000000000000000e+00 7.000000000000000000e+00 5.600000000000000000e+01
1.457919542515161037e+09 7.000000000000000000e+00 7.000000000000000000e+00 5.600000000000000000e+01
1.457919602545124054e+09 7.000000000000000000e+00 7.000000000000000000e+00 5.600000000000000000e+01
1.457919662570995092e+09 7.000000000000000000e+00 7.000000000000000000e+00 5.300000000000000000e+01
1.457919722602133989e+09 7.000000000000000000e+00 7.000000000000000000e+00 5.300000000000000000e+01
1.457919782629089117e+09 7.000000000000000000e+00 7.000000000000000000e+00 5.300000000000000000e+01
1.457919842654952049e+09 7.000000000000000000e+00 7.000000000000000000e+00 5.300000000000000000e+01
1.457919902686136961e+09 7.000000000000000000e+00 7.000000000000000000e+00 5.300000000000000000e+01
1.457919962709592104e+09 7.000000000000000000e+00 7.000000000000000000e+00 5.300000000000000000e+01
1.457920022736123085e+09 7.000000000000000000e+00 7.000000000000000000e+00 5.300000000000000000e+01
1.457920082762604952e+09 7.000000000000000000e+00 7.000000000000000000e+00 5.300000000000000000e+01
1.457920142793487072e+09 7.000000000000000000e+00 7.000000000000000000e+00 5.300000000000000000e+01
1.457920202821258068e+09 7.000000000000000000e+00 7.000000000000000000e+00 5.300000000000000000e+01
1.457920262848288059e+09 7.000000000000000000e+00 7.000000000000000000e+00 5.300000000000000000e+01
1.457920322880996943e+09 7.000000000000000000e+00 7.000000000000000000e+00 5.300000000000000000e+01
1.457920382910084963e+09 7.000000000000000000e+00 7.000000000000000000e+00 5.300000000000000000e+01
1.457920442933859110e+09 7.000000000000000000e+00 7.000000000000000000e+00 5.300000000000000000e+01
1.457920502956720114e+09 7.000000000000000000e+00 7.000000000000000000e+00 5.300000000000000000e+01
1.457920562982023954e+09 7.000000000000000000e+00 7.000000000000000000e+00 5.300000000000000000e+01
1.457920623011975050e+09 7.000000000000000000e+00 7.000000000000000000e+00 5.300000000000000000e+01
1.457920683038773060e+09 7.000000000000000000e+00 7.000000000000000000e+00 5.300000000000000000e+01
1.457920743066195965e+09 7.000000000000000000e+00 7.000000000000000000e+00 5.300000000000000000e+01
1.457920803164087057e+09 7.000000000000000000e+00 7.000000000000000000e+00 5.300000000000000000e+01
1.457920863192931890e+09 7.000000000000000000e+00 7.000000000000000000e+00 5.300000000000000000e+01
1.457920923226464033e+09 7.000000000000000000e+00 7.000000000000000000e+00 5.300000000000000000e+01
1.457920983253470898e+09 7.000000000000000000e+00 7.000000000000000000e+00 5.300000000000000000e+01
1.457921043278923988e+09 7.000000000000000000e+00 7.000000000000000000e+00 5.300000000000000000e+01
1.457921103309392929e+09 7.000000000000000000e+00 7.000000000000000000e+00 5.300000000000000000e+01
1.457921163336361885e+09 7.000000000000000000e+00 7.000000000000000000e+00 5.300000000000000000e+01
1.457921223362749100e+09 7.000000000000000000e+00 7.000000000000000000e+00 5.300000000000000000e+01
1.457921283392458916e+09 7.000000000000000000e+00 7.000000000000000000e+00 5.300000000000000000e+01
1.457921343420711994e+09 7.000000000000000000e+00 7.000000000000000000e+00 5.300000000000000000e+01
1.457921403446576118e+09 7.000000000000000000e+00 7.000000000000000000e+00 5.300000000000000000e+01
1.457921463476483107e+09 7.000000000000000000e+00 7.000000000000000000e+00 5.300000000000000000e+01
1.457921523505238056e+09 7.000000000000000000e+00 7.000000000000000000e+00 5.300000000000000000e+01
1.457921583534166098e+09 7.000000000000000000e+00 7.000000000000000000e+00 5.300000000000000000e+01
1.457921643564588070e+09 7.000000000000000000e+00 7.000000000000000000e+00 5.300000000000000000e+01
1.457921703589987040e+09 7.000000000000000000e+00 7.000000000000000000e+00 5.300000000000000000e+01
1.457921763621289015e+09 7.000000000000000000e+00 7.000000000000000000e+00 5.300000000000000000e+01
1.457921823648674965e+09 7.000000000000000000e+00 7.000000000000000000e+00 5.300000000000000000e+01
1.457921883675832987e+09 7.000000000000000000e+00 7.000000000000000000e+00 5.300000000000000000e+01
1.457921943705650091e+09 7.000000000000000000e+00 7.000000000000000000e+00 5.300000000000000000e+01
1.457922003732578993e+09 7.000000000000000000e+00 7.000000000000000000e+00 5.300000000000000000e+01
1.457922063758027077e+09 7.000000000000000000e+00 7.000000000000000000e+00 5.300000000000000000e+01
1.457922123787923098e+09 7.000000000000000000e+00 7.000000000000000000e+00 5.300000000000000000e+01
1.457922183817905903e+09 7.000000000000000000e+00 7.000000000000000000e+00 5.300000000000000000e+01
1.457922243843514919e+09 7.000000000000000000e+00 7.000000000000000000e+00 5.300000000000000000e+01
1.457922303868922949e+09 7.000000000000000000e+00 7.000000000000000000e+00 5.300000000000000000e+01
1.457922363899801016e+09 7.000000000000000000e+00 7.000000000000000000e+00 5.300000000000000000e+01
1.457922423926830053e+09 7.000000000000000000e+00 7.000000000000000000e+00 5.300000000000000000e+01
1.457922483956497908e+09 7.000000000000000000e+00 7.000000000000000000e+00 5.300000000000000000e+01
1.457922543985451937e+09 7.000000000000000000e+00 7.000000000000000000e+00 5.300000000000000000e+01
1.457922604010163069e+09 7.000000000000000000e+00 7.000000000000000000e+00 5.400000000000000000e+01
1.457922664068376064e+09 6.000000000000000000e+00 7.000000000000000000e+00 5.400000000000000000e+01
1.457922724093700886e+09 6.000000000000000000e+00 7.000000000000000000e+00 5.400000000000000000e+01
1.457922784119828939e+09 6.000000000000000000e+00 7.000000000000000000e+00 5.400000000000000000e+01
1.457922844152021885e+09 6.000000000000000000e+00 7.000000000000000000e+00 5.400000000000000000e+01
1.457922904178458929e+09 6.000000000000000000e+00 7.000000000000000000e+00 5.400000000000000000e+01
1.457922964208729982e+09 6.000000000000000000e+00 7.000000000000000000e+00 5.400000000000000000e+01
1.457923024236994028e+09 6.000000000000000000e+00 7.000000000000000000e+00 5.400000000000000000e+01
1.457923084263737917e+09 6.000000000000000000e+00 7.000000000000000000e+00 5.400000000000000000e+01
1.457923144295327902e+09 6.000000000000000000e+00 7.000000000000000000e+00 5.400000000000000000e+01
1.457923204322828054e+09 6.000000000000000000e+00 7.000000000000000000e+00 5.400000000000000000e+01
1.457923264351135969e+09 6.000000000000000000e+00 7.000000000000000000e+00 5.400000000000000000e+01
1.457923324381994963e+09 6.000000000000000000e+00 7.000000000000000000e+00 5.400000000000000000e+01
1.457923384407228947e+09 6.000000000000000000e+00 6.000000000000000000e+00 5.100000000000000000e+01
1.457923444439358950e+09 6.000000000000000000e+00 6.000000000000000000e+00 5.100000000000000000e+01
1.457923504465754032e+09 6.000000000000000000e+00 6.000000000000000000e+00 5.100000000000000000e+01
1.457923564490386009e+09 6.000000000000000000e+00 6.000000000000000000e+00 5.100000000000000000e+01
1.457923624515569925e+09 6.000000000000000000e+00 6.000000000000000000e+00 5.100000000000000000e+01
1.457923684550579071e+09 6.000000000000000000e+00 6.000000000000000000e+00 5.100000000000000000e+01
1.457923744575098038e+09 6.000000000000000000e+00 6.000000000000000000e+00 5.100000000000000000e+01
1.457923804599044085e+09 6.000000000000000000e+00 6.000000000000000000e+00 5.100000000000000000e+01
1.457923864628144026e+09 6.000000000000000000e+00 6.000000000000000000e+00 5.100000000000000000e+01
1.457923924655556917e+09 6.000000000000000000e+00 6.000000000000000000e+00 5.100000000000000000e+01
1.457923984680978060e+09 6.000000000000000000e+00 6.000000000000000000e+00 5.100000000000000000e+01
1.457924044705724001e+09 6.000000000000000000e+00 6.000000000000000000e+00 5.100000000000000000e+01
1.457924104730639935e+09 6.000000000000000000e+00 6.000000000000000000e+00 5.100000000000000000e+01
1.457924164754524946e+09 6.000000000000000000e+00 6.000000000000000000e+00 5.100000000000000000e+01
1.457924224779185057e+09 6.000000000000000000e+00 6.000000000000000000e+00 5.100000000000000000e+01
1.457924284808399916e+09 6.000000000000000000e+00 6.000000000000000000e+00 5.100000000000000000e+01
1.457924344836998940e+09 6.000000000000000000e+00 6.000000000000000000e+00 5.100000000000000000e+01
1.457924404862265110e+09 6.000000000000000000e+00 6.000000000000000000e+00 5.100000000000000000e+01
1.457924464886965036e+09 6.000000000000000000e+00 6.000000000000000000e+00 5.100000000000000000e+01
1.457924524910885096e+09 6.000000000000000000e+00 6.000000000000000000e+00 5.100000000000000000e+01
1.457924584936057091e+09 6.000000000000000000e+00 6.000000000000000000e+00 5.100000000000000000e+01
1.457924644966828108e+09 6.000000000000000000e+00 6.000000000000000000e+00 5.100000000000000000e+01
1.457924705080369949e+09 6.000000000000000000e+00 6.000000000000000000e+00 5.100000000000000000e+01
1.457924765107095957e+09 6.000000000000000000e+00 6.000000000000000000e+00 5.100000000000000000e+01
1.457924825135684013e+09 6.000000000000000000e+00 6.000000000000000000e+00 5.100000000000000000e+01
1.457924885161147118e+09 6.000000000000000000e+00 6.000000000000000000e+00 5.100000000000000000e+01
1.457924945187227964e+09 6.000000000000000000e+00 6.000000000000000000e+00 5.100000000000000000e+01
1.457925005217535019e+09 6.000000000000000000e+00 6.000000000000000000e+00 5.100000000000000000e+01
1.457925065497103930e+09 6.000000000000000000e+00 6.000000000000000000e+00 5.100000000000000000e+01
1.457925125522124052e+09 6.000000000000000000e+00 6.000000000000000000e+00 5.200000000000000000e+01
1.457925185547120094e+09 6.000000000000000000e+00 6.000000000000000000e+00 5.200000000000000000e+01
1.457925245571115971e+09 6.000000000000000000e+00 6.000000000000000000e+00 5.200000000000000000e+01
1.457925305595241070e+09 6.000000000000000000e+00 6.000000000000000000e+00 5.200000000000000000e+01
1.457925365624820948e+09 6.000000000000000000e+00 6.000000000000000000e+00 5.200000000000000000e+01
1.457925425653162003e+09 6.000000000000000000e+00 6.000000000000000000e+00 5.200000000000000000e+01
1.457925485678466082e+09 6.000000000000000000e+00 6.000000000000000000e+00 5.200000000000000000e+01
1.457925545703164101e+09 6.000000000000000000e+00 6.000000000000000000e+00 5.200000000000000000e+01
1.457925605727509975e+09 6.000000000000000000e+00 6.000000000000000000e+00 5.200000000000000000e+01
1.457925665753957987e+09 6.000000000000000000e+00 6.000000000000000000e+00 5.200000000000000000e+01
1.457925725783776045e+09 6.000000000000000000e+00 6.000000000000000000e+00 5.200000000000000000e+01
1.457925785810106993e+09 6.000000000000000000e+00 6.000000000000000000e+00 5.200000000000000000e+01
1.457925845833450079e+09 6.000000000000000000e+00 6.000000000000000000e+00 5.200000000000000000e+01
1.457925905858541012e+09 6.000000000000000000e+00 6.000000000000000000e+00 5.200000000000000000e+01
1.457925965882602930e+09 6.000000000000000000e+00 6.000000000000000000e+00 5.200000000000000000e+01
1.457926025910345078e+09 6.000000000000000000e+00 6.000000000000000000e+00 5.200000000000000000e+01
1.457926085937273979e+09 6.000000000000000000e+00 6.000000000000000000e+00 5.200000000000000000e+01
1.457926145964159012e+09 6.000000000000000000e+00 6.000000000000000000e+00 5.200000000000000000e+01
1.457926205990428925e+09 6.000000000000000000e+00 6.000000000000000000e+00 5.200000000000000000e+01
1.457926266015302896e+09 6.000000000000000000e+00 6.000000000000000000e+00 5.200000000000000000e+01
1.457926326043885946e+09 6.000000000000000000e+00 6.000000000000000000e+00 5.200000000000000000e+01
1.457926386072981119e+09 6.000000000000000000e+00 6.000000000000000000e+00 5.200000000000000000e+01
1.457926446098685026e+09 6.000000000000000000e+00 6.000000000000000000e+00 5.200000000000000000e+01
1.457926506122991085e+09 6.000000000000000000e+00 6.000000000000000000e+00 5.200000000000000000e+01
1.457926566145742893e+09 6.000000000000000000e+00 6.000000000000000000e+00 5.300000000000000000e+01
1.457926626169888973e+09 5.000000000000000000e+00 6.000000000000000000e+00 5.300000000000000000e+01
1.457926686195276022e+09 5.000000000000000000e+00 6.000000000000000000e+00 5.300000000000000000e+01
1.457926746219180107e+09 5.000000000000000000e+00 6.000000000000000000e+00 5.300000000000000000e+01
1.457926806246005058e+09 5.000000000000000000e+00 6.000000000000000000e+00 5.300000000000000000e+01
1.457926866275857925e+09 5.000000000000000000e+00 6.000000000000000000e+00 5.300000000000000000e+01
1.457926926301326036e+09 5.000000000000000000e+00 6.000000000000000000e+00 5.300000000000000000e+01
1.457926986329957962e+09 5.000000000000000000e+00 6.000000000000000000e+00 5.300000000000000000e+01
1.457927046360903025e+09 5.000000000000000000e+00 6.000000000000000000e+00 5.300000000000000000e+01
1.457927106385898113e+09 5.000000000000000000e+00 6.000000000000000000e+00 5.300000000000000000e+01
1.457927166411066055e+09 5.000000000000000000e+00 6.000000000000000000e+00 5.300000000000000000e+01
1.457927226442176104e+09 5.000000000000000000e+00 6.000000000000000000e+00 5.300000000000000000e+01
1.457927286469527006e+09 5.000000000000000000e+00 6.000000000000000000e+00 5.300000000000000000e+01
1.457927346494925022e+09 5.000000000000000000e+00 6.000000000000000000e+00 5.300000000000000000e+01
1.457927406524256945e+09 5.000000000000000000e+00 6.000000000000000000e+00 5.300000000000000000e+01
1.457927466553215981e+09 5.000000000000000000e+00 6.000000000000000000e+00 5.300000000000000000e+01
1.457927526578746080e+09 5.000000000000000000e+00 6.000000000000000000e+00 5.300000000000000000e+01
1.457927586607811928e+09 5.000000000000000000e+00 6.000000000000000000e+00 5.300000000000000000e+01
1.457927646636950970e+09 5.000000000000000000e+00 6.000000000000000000e+00 5.300000000000000000e+01
1.457927706662709951e+09 5.000000000000000000e+00 5.000000000000000000e+00 5.000000000000000000e+01
1.457927766686851025e+09 5.000000000000000000e+00 5.000000000000000000e+00 5.000000000000000000e+01
1.457927826711340904e+09 5.000000000000000000e+00 5.000000000000000000e+00 5.000000000000000000e+01
1.457927886740401983e+09 5.000000000000000000e+00 5.000000000000000000e+00 5.000000000000000000e+01
1.457927946768816948e+09 5.000000000000000000e+00 5.000000000000000000e+00 5.000000000000000000e+01
1.457928006793906927e+09 5.000000000000000000e+00 5.000000000000000000e+00 5.000000000000000000e+01
1.457928066852691889e+09 5.000000000000000000e+00 5.000000000000000000e+00 5.000000000000000000e+01
1.457928126877590895e+09 5.000000000000000000e+00 5.000000000000000000e+00 5.000000000000000000e+01
1.457928187023909092e+09 5.000000000000000000e+00 5.000000000000000000e+00 5.100000000000000000e+01
1.457928247051271915e+09 5.000000000000000000e+00 5.000000000000000000e+00 5.100000000000000000e+01
1.457928307078999043e+09 5.000000000000000000e+00 5.000000000000000000e+00 5.100000000000000000e+01
1.457928367105045080e+09 5.000000000000000000e+00 5.000000000000000000e+00 5.100000000000000000e+01
1.457928427131006002e+09 5.000000000000000000e+00 5.000000000000000000e+00 5.100000000000000000e+01
1.457928487157689095e+09 5.000000000000000000e+00 5.000000000000000000e+00 5.100000000000000000e+01
1.457928547185471058e+09 5.000000000000000000e+00 5.000000000000000000e+00 5.100000000000000000e+01
1.457928607208625078e+09 5.000000000000000000e+00 5.000000000000000000e+00 5.100000000000000000e+01
1.457928667256835938e+09 5.000000000000000000e+00 5.000000000000000000e+00 5.100000000000000000e+01
1.457928727283575058e+09 5.000000000000000000e+00 5.000000000000000000e+00 5.100000000000000000e+01
1.457928787308770895e+09 5.000000000000000000e+00 5.000000000000000000e+00 5.100000000000000000e+01
1.457928847333059072e+09 5.000000000000000000e+00 5.000000000000000000e+00 5.100000000000000000e+01
1.457928907358844042e+09 5.000000000000000000e+00 5.000000000000000000e+00 5.100000000000000000e+01
1.457928967387343884e+09 5.000000000000000000e+00 5.000000000000000000e+00 5.100000000000000000e+01
1.457929027416837931e+09 5.000000000000000000e+00 5.000000000000000000e+00 5.100000000000000000e+01
1.457929087538080931e+09 5.000000000000000000e+00 5.000000000000000000e+00 5.100000000000000000e+01
1.457929147562594891e+09 5.000000000000000000e+00 5.000000000000000000e+00 5.100000000000000000e+01
1.457929207586527109e+09 5.000000000000000000e+00 5.000000000000000000e+00 5.100000000000000000e+01
1.457929267614212990e+09 5.000000000000000000e+00 5.000000000000000000e+00 5.100000000000000000e+01
1.457929327644452095e+09 5.000000000000000000e+00 5.000000000000000000e+00 5.100000000000000000e+01
1.457929387670536041e+09 5.000000000000000000e+00 5.000000000000000000e+00 5.100000000000000000e+01
1.457929447694586992e+09 5.000000000000000000e+00 5.000000000000000000e+00 5.100000000000000000e+01
1.457929507718226910e+09 5.000000000000000000e+00 5.000000000000000000e+00 5.100000000000000000e+01
1.457929567742423058e+09 5.000000000000000000e+00 5.000000000000000000e+00 5.100000000000000000e+01
1.457929627766962051e+09 5.000000000000000000e+00 5.000000000000000000e+00 5.100000000000000000e+01
1.457929687796178102e+09 5.000000000000000000e+00 5.000000000000000000e+00 5.100000000000000000e+01
1.457929747825071096e+09 5.000000000000000000e+00 5.000000000000000000e+00 5.100000000000000000e+01
1.457929807849648952e+09 5.000000000000000000e+00 5.000000000000000000e+00 5.100000000000000000e+01
1.457929867874377966e+09 5.000000000000000000e+00 5.000000000000000000e+00 5.100000000000000000e+01
1.457929927899537086e+09 5.000000000000000000e+00 5.000000000000000000e+00 5.100000000000000000e+01
1.457929987927465916e+09 5.000000000000000000e+00 5.000000000000000000e+00 5.100000000000000000e+01
1.457930047957848072e+09 5.000000000000000000e+00 5.000000000000000000e+00 5.100000000000000000e+01
1.457930107984512091e+09 5.000000000000000000e+00 5.000000000000000000e+00 5.100000000000000000e+01
1.457930168015870094e+09 5.000000000000000000e+00 5.000000000000000000e+00 5.100000000000000000e+01
1.457930228066922903e+09 5.000000000000000000e+00 5.000000000000000000e+00 5.100000000000000000e+01
1.457930288091509104e+09 5.000000000000000000e+00 5.000000000000000000e+00 5.100000000000000000e+01
1.457930348115720987e+09 5.000000000000000000e+00 5.000000000000000000e+00 5.100000000000000000e+01
1.457930408143347025e+09 4.000000000000000000e+00 5.000000000000000000e+00 5.100000000000000000e+01
1.457930468173244953e+09 4.000000000000000000e+00 5.000000000000000000e+00 5.100000000000000000e+01
1.457930528197927952e+09 8.000000000000000000e+00 9.000000000000000000e+00 4.700000000000000000e+01
1.457930588223079920e+09 8.000000000000000000e+00 9.000000000000000000e+00 4.700000000000000000e+01
1.457930648247347116e+09 8.000000000000000000e+00 9.000000000000000000e+00 4.800000000000000000e+01
1.457930708271107912e+09 8.000000000000000000e+00 9.000000000000000000e+00 4.800000000000000000e+01
1.457930768300573111e+09 8.000000000000000000e+00 9.000000000000000000e+00 4.800000000000000000e+01
1.457930828328605890e+09 8.000000000000000000e+00 9.000000000000000000e+00 4.800000000000000000e+01
1.457930888354923010e+09 8.000000000000000000e+00 9.000000000000000000e+00 4.800000000000000000e+01
1.457930948379087925e+09 8.000000000000000000e+00 9.000000000000000000e+00 4.800000000000000000e+01
1.457931008404864073e+09 8.000000000000000000e+00 9.000000000000000000e+00 4.800000000000000000e+01
1.457931068438981056e+09 8.000000000000000000e+00 9.000000000000000000e+00 4.800000000000000000e+01
1.457931128492117882e+09 8.000000000000000000e+00 9.000000000000000000e+00 4.800000000000000000e+01
1.457931188520155907e+09 8.000000000000000000e+00 9.000000000000000000e+00 4.800000000000000000e+01
1.457931248546264887e+09 8.000000000000000000e+00 9.000000000000000000e+00 4.800000000000000000e+01
1.457931308575469017e+09 8.000000000000000000e+00 8.000000000000000000e+00 4.800000000000000000e+01
1.457931368604892969e+09 8.000000000000000000e+00 8.000000000000000000e+00 4.800000000000000000e+01
1.457931428628984928e+09 8.000000000000000000e+00 8.000000000000000000e+00 4.800000000000000000e+01
1.457931488654860973e+09 8.000000000000000000e+00 8.000000000000000000e+00 4.800000000000000000e+01
1.457931548684892893e+09 8.000000000000000000e+00 8.000000000000000000e+00 4.800000000000000000e+01
1.457931608713512897e+09 8.000000000000000000e+00 8.000000000000000000e+00 4.800000000000000000e+01
1.457931668738130093e+09 8.000000000000000000e+00 8.000000000000000000e+00 4.800000000000000000e+01
1.457931728767855883e+09 8.000000000000000000e+00 8.000000000000000000e+00 4.800000000000000000e+01
1.457931788797334909e+09 7.000000000000000000e+00 8.000000000000000000e+00 4.800000000000000000e+01
1.457931848822712898e+09 7.000000000000000000e+00 8.000000000000000000e+00 4.800000000000000000e+01
1.457931908848762989e+09 7.000000000000000000e+00 8.000000000000000000e+00 4.800000000000000000e+01
1.457931968879303932e+09 7.000000000000000000e+00 8.000000000000000000e+00 4.800000000000000000e+01
1.457932028906193972e+09 7.000000000000000000e+00 8.000000000000000000e+00 4.800000000000000000e+01
1.457932088936969995e+09 7.000000000000000000e+00 8.000000000000000000e+00 4.800000000000000000e+01
1.457932148964993000e+09 7.000000000000000000e+00 8.000000000000000000e+00 4.800000000000000000e+01
1.457932208989854097e+09 7.000000000000000000e+00 8.000000000000000000e+00 4.800000000000000000e+01
1.457932269014336109e+09 7.000000000000000000e+00 8.000000000000000000e+00 4.800000000000000000e+01
1.457932329043318987e+09 7.000000000000000000e+00 8.000000000000000000e+00 4.800000000000000000e+01
1.457932389072616100e+09 7.000000000000000000e+00 8.000000000000000000e+00 4.800000000000000000e+01
1.457932449098697901e+09 7.000000000000000000e+00 8.000000000000000000e+00 4.800000000000000000e+01
1.457932509127561092e+09 7.000000000000000000e+00 8.000000000000000000e+00 4.800000000000000000e+01
1.457932569158694029e+09 7.000000000000000000e+00 8.000000000000000000e+00 4.800000000000000000e+01
1.457932629193049908e+09 7.000000000000000000e+00 8.000000000000000000e+00 4.800000000000000000e+01
1.457932689226438046e+09 7.000000000000000000e+00 8.000000000000000000e+00 4.800000000000000000e+01
1.457932749254292965e+09 7.000000000000000000e+00 8.000000000000000000e+00 4.800000000000000000e+01
1.457932809283418894e+09 7.000000000000000000e+00 8.000000000000000000e+00 4.800000000000000000e+01
1.457932869313271999e+09 7.000000000000000000e+00 8.000000000000000000e+00 4.800000000000000000e+01
1.457932929338973999e+09 7.000000000000000000e+00 8.000000000000000000e+00 4.800000000000000000e+01
1.457932989367499113e+09 7.000000000000000000e+00 8.000000000000000000e+00 4.800000000000000000e+01
1.457933049395755053e+09 7.000000000000000000e+00 8.000000000000000000e+00 4.800000000000000000e+01
1.457933109422245979e+09 1.300000000000000000e+01 1.400000000000000000e+01 4.400000000000000000e+01
1.457933169452670097e+09 1.300000000000000000e+01 1.400000000000000000e+01 4.400000000000000000e+01
1.457933229479608059e+09 1.300000000000000000e+01 1.400000000000000000e+01 4.400000000000000000e+01
1.457933289505469084e+09 1.200000000000000000e+01 1.400000000000000000e+01 4.400000000000000000e+01
1.457933349574426889e+09 2.200000000000000000e+01 2.300000000000000000e+01 4.400000000000000000e+01
1.457933409599883080e+09 1.900000000000000000e+01 2.300000000000000000e+01 4.500000000000000000e+01
1.457933469625858068e+09 1.900000000000000000e+01 2.300000000000000000e+01 4.600000000000000000e+01
1.457933529648479939e+09 1.800000000000000000e+01 2.300000000000000000e+01 4.600000000000000000e+01
1.457933589674639940e+09 1.700000000000000000e+01 2.300000000000000000e+01 4.600000000000000000e+01
1.457933649703572035e+09 1.700000000000000000e+01 2.300000000000000000e+01 4.600000000000000000e+01
1.457933709734402895e+09 1.700000000000000000e+01 2.300000000000000000e+01 4.600000000000000000e+01
1.457937076509378910e+09 1.700000000000000000e+01 2.300000000000000000e+01 4.600000000000000000e+01
1.457937137446314096e+09 2.000000000000000000e+01 2.400000000000000000e+01 4.700000000000000000e+01
1.457937197474145889e+09 1.400000000000000000e+01 2.400000000000000000e+01 4.700000000000000000e+01
1.457937257500088930e+09 6.000000000000000000e+00 2.400000000000000000e+01 4.600000000000000000e+01
1.457937317530670881e+09 6.000000000000000000e+00 2.400000000000000000e+01 4.600000000000000000e+01
1.457937377561359882e+09 6.000000000000000000e+00 2.400000000000000000e+01 4.600000000000000000e+01
1.457937437587089062e+09 5.000000000000000000e+00 2.400000000000000000e+01 4.600000000000000000e+01
1.457937497613255978e+09 5.000000000000000000e+00 2.400000000000000000e+01 4.600000000000000000e+01
1.457937557649966002e+09 5.000000000000000000e+00 2.400000000000000000e+01 4.600000000000000000e+01
1.457937617680973053e+09 5.000000000000000000e+00 2.400000000000000000e+01 4.600000000000000000e+01
1.457937677711111069e+09 5.000000000000000000e+00 2.400000000000000000e+01 4.600000000000000000e+01
1.457937737740168095e+09 5.000000000000000000e+00 2.400000000000000000e+01 4.600000000000000000e+01
1.457937797766202927e+09 5.000000000000000000e+00 2.400000000000000000e+01 4.600000000000000000e+01
1.457937857791780949e+09 5.000000000000000000e+00 2.400000000000000000e+01 4.600000000000000000e+01
1.457937917818350077e+09 5.000000000000000000e+00 2.400000000000000000e+01 4.600000000000000000e+01
1.457937977849143028e+09 5.000000000000000000e+00 2.400000000000000000e+01 4.600000000000000000e+01
1.457938037875736952e+09 5.000000000000000000e+00 2.400000000000000000e+01 4.600000000000000000e+01
