1.457895739148076057e+09 0.000000000000000000e+00 0.000000000000000000e+00 1.100000000000000000e+01
1.457895799168625116e+09 9.000000000000000000e+00 1.000000000000000000e+01 1.010000000000000000e+02
1.457895859188568115e+09 7.000000000000000000e+00 1.000000000000000000e+01 1.010000000000000000e+02
1.457895919211252928e+09 7.000000000000000000e+00 1.000000000000000000e+01 1.010000000000000000e+02
1.457895979276573896e+09 6.000000000000000000e+00 1.000000000000000000e+01 1.010000000000000000e+02
1.457896039294802904e+09 9.000000000000000000e+00 1.300000000000000000e+01 1.010000000000000000e+02
1.457896131412549973e+09 0.000000000000000000e+00 0.000000000000000000e+00 1.200000000000000000e+01
1.457896191429105043e+09 1.400000000000000000e+01 1.400000000000000000e+01 9.900000000000000000e+01
1.457896251449928999e+09 1.300000000000000000e+01 1.400000000000000000e+01 9.900000000000000000e+01
1.457896311471154928e+09 1.200000000000000000e+01 1.400000000000000000e+01 9.900000000000000000e+01
1.457896371497467995e+09 1.200000000000000000e+01 1.400000000000000000e+01 9.900000000000000000e+01
1.457896431519097090e+09 1.000000000000000000e+01 1.400000000000000000e+01 9.900000000000000000e+01
1.457896491537786007e+09 1.000000000000000000e+01 1.400000000000000000e+01 9.900000000000000000e+01
1.457896551560554028e+09 7.000000000000000000e+00 1.400000000000000000e+01 9.900000000000000000e+01
1.457896611582998037e+09 7.000000000000000000e+00 1.400000000000000000e+01 9.900000000000000000e+01
1.457896671607419968e+09 7.000000000000000000e+00 1.400000000000000000e+01 9.900000000000000000e+01
1.457896731631730080e+09 6.000000000000000000e+00 1.400000000000000000e+01 9.900000000000000000e+01
1.457896791655057907e+09 6.000000000000000000e+00 1.400000000000000000e+01 9.900000000000000000e+01
1.457896851678723097e+09 6.000000000000000000e+00 1.400000000000000000e+01 9.900000000000000000e+01
1.457896911702183962e+09 6.000000000000000000e+00 1.400000000000000000e+01 9.900000000000000000e+01
1.457896971724029064e+09 9.000000000000000000e+00 1.700000000000000000e+01 9.800000000000000000e+01
1.457897031743757963e+09 9.000000000000000000e+00 1.700000000000000000e+01 9.800000000000000000e+01
1.457897091764020920e+09 9.000000000000000000e+00 1.700000000000000000e+01 9.800000000000000000e+01
1.457897151787003994e+09 9.000000000000000000e+00 1.700000000000000000e+01 9.800000000000000000e+01
1.457897211809966087e+09 9.000000000000000000e+00 1.700000000000000000e+01 9.800000000000000000e+01
1.457897271834403992e+09 9.000000000000000000e+00 1.700000000000000000e+01 9.800000000000000000e+01
1.457897331858057976e+09 9.000000000000000000e+00 1.700000000000000000e+01 9.800000000000000000e+01
1.457897391882438898e+09 9.000000000000000000e+00 1.700000000000000000e+01 9.800000000000000000e+01
1.457897451906481981e+09 9.000000000000000000e+00 1.700000000000000000e+01 9.800000000000000000e+01
1.457897511928996086e+09 9.000000000000000000e+00 1.700000000000000000e+01 9.800000000000000000e+01
1.457897571952611923e+09 8.000000000000000000e+00 1.700000000000000000e+01 9.800000000000000000e+01
1.457897631970639944e+09 8.000000000000000000e+00 1.700000000000000000e+01 1.080000000000000000e+02
1.457897691989715099e+09 8.000000000000000000e+00 1.700000000000000000e+01 1.080000000000000000e+02
1.457897752008929968e+09 8.000000000000000000e+00 1.700000000000000000e+01 1.080000000000000000e+02
1.457897812029402971e+09 8.000000000000000000e+00 1.700000000000000000e+01 1.080000000000000000e+02
1.457897872052181959e+09 8.000000000000000000e+00 1.700000000000000000e+01 1.080000000000000000e+02
1.457897932072057962e+09 8.000000000000000000e+00 1.700000000000000000e+01 1.080000000000000000e+02
1.457897992097088099e+09 8.000000000000000000e+00 1.700000000000000000e+01 1.080000000000000000e+02
1.457898052122231960e+09 8.000000000000000000e+00 1.700000000000000000e+01 1.160000000000000000e+02
1.457898112146568060e+09 8.000000000000000000e+00 1.700000000000000000e+01 1.260000000000000000e+02
1.457898172171546936e+09 8.000000000000000000e+00 1.700000000000000000e+01 1.260000000000000000e+02
1.457898232196382999e+09 8.000000000000000000e+00 1.700000000000000000e+01 1.260000000000000000e+02
1.457898292220886946e+09 8.000000000000000000e+00 1.700000000000000000e+01 1.260000000000000000e+02
1.457898352243206978e+09 8.000000000000000000e+00 1.700000000000000000e+01 1.260000000000000000e+02
1.457898412266794920e+09 8.000000000000000000e+00 1.700000000000000000e+01 1.260000000000000000e+02
1.457898472288949013e+09 8.000000000000000000e+00 1.700000000000000000e+01 1.410000000000000000e+02
1.457898532314488888e+09 8.000000000000000000e+00 1.700000000000000000e+01 1.410000000000000000e+02
1.457898592339342117e+09 8.000000000000000000e+00 1.700000000000000000e+01 1.410000000000000000e+02
1.457898652363539934e+09 8.000000000000000000e+00 1.700000000000000000e+01 1.410000000000000000e+02
1.457898712435669899e+09 8.000000000000000000e+00 1.700000000000000000e+01 1.410000000000000000e+02
1.457898772456559896e+09 8.000000000000000000e+00 1.700000000000000000e+01 1.410000000000000000e+02
1.457898832481556892e+09 8.000000000000000000e+00 1.700000000000000000e+01 1.470000000000000000e+02
1.457898892505845070e+09 8.000000000000000000e+00 1.700000000000000000e+01 1.560000000000000000e+02
1.457898952529396057e+09 8.000000000000000000e+00 1.700000000000000000e+01 1.560000000000000000e+02
1.457899012556329012e+09 8.000000000000000000e+00 1.700000000000000000e+01 1.560000000000000000e+02
1.457899072585505962e+09 8.000000000000000000e+00 1.700000000000000000e+01 1.560000000000000000e+02
1.457899132614578009e+09 8.000000000000000000e+00 1.700000000000000000e+01 1.560000000000000000e+02
1.457899192638928890e+09 8.000000000000000000e+00 1.700000000000000000e+01 1.560000000000000000e+02
1.457899252757411003e+09 9.000000000000000000e+00 1.800000000000000000e+01 1.640000000000000000e+02
1.457899312780862093e+09 9.000000000000000000e+00 1.800000000000000000e+01 1.640000000000000000e+02
1.457899372806001902e+09 9.000000000000000000e+00 1.800000000000000000e+01 1.640000000000000000e+02
1.457899432831029892e+09 9.000000000000000000e+00 1.800000000000000000e+01 1.650000000000000000e+02
1.457899492849510908e+09 9.000000000000000000e+00 1.800000000000000000e+01 1.650000000000000000e+02
1.457899552875828028e+09 9.000000000000000000e+00 1.800000000000000000e+01 1.690000000000000000e+02
1.457899612896332026e+09 9.000000000000000000e+00 1.800000000000000000e+01 1.740000000000000000e+02
1.457899672922760010e+09 9.000000000000000000e+00 1.800000000000000000e+01 1.740000000000000000e+02
1.457899732941355944e+09 9.000000000000000000e+00 1.800000000000000000e+01 1.740000000000000000e+02
1.457899792963053942e+09 9.000000000000000000e+00 1.800000000000000000e+01 1.740000000000000000e+02
1.457899852988403082e+09 9.000000000000000000e+00 1.800000000000000000e+01 1.740000000000000000e+02
1.457899913012773037e+09 9.000000000000000000e+00 1.800000000000000000e+01 1.800000000000000000e+02
1.457899973035044909e+09 9.000000000000000000e+00 1.800000000000000000e+01 1.800000000000000000e+02
1.457900033059986115e+09 9.000000000000000000e+00 1.800000000000000000e+01 1.800000000000000000e+02
1.457900093082159996e+09 9.000000000000000000e+00 1.800000000000000000e+01 1.800000000000000000e+02
1.457900153104773045e+09 9.000000000000000000e+00 1.800000000000000000e+01 1.800000000000000000e+02
1.457900213129771948e+09 9.000000000000000000e+00 1.800000000000000000e+01 1.800000000000000000e+02
1.457900273153645039e+09 9.000000000000000000e+00 1.800000000000000000e+01 1.800000000000000000e+02
1.457900333179419994e+09 9.000000000000000000e+00 1.800000000000000000e+01 1.860000000000000000e+02
1.457900393204982042e+09 9.000000000000000000e+00 1.800000000000000000e+01 1.860000000000000000e+02
1.457900453229242086e+09 9.000000000000000000e+00 1.800000000000000000e+01 1.860000000000000000e+02
1.457900513252384901e+09 9.000000000000000000e+00 1.800000000000000000e+01 1.860000000000000000e+02
1.457900573277143955e+09 9.000000000000000000e+00 1.800000000000000000e+01 1.860000000000000000e+02
1.457900633301984072e+09 9.000000000000000000e+00 1.800000000000000000e+01 1.860000000000000000e+02
1.457900693325455904e+09 9.000000000000000000e+00 1.800000000000000000e+01 1.860000000000000000e+02
1.457900753348948956e+09 9.000000000000000000e+00 1.800000000000000000e+01 1.860000000000000000e+02
1.457900813378792048e+09 9.000000000000000000e+00 1.800000000000000000e+01 1.860000000000000000e+02
1.457900873407612085e+09 9.000000000000000000e+00 1.800000000000000000e+01 1.860000000000000000e+02
1.457900933432559013e+09 9.000000000000000000e+00 1.800000000000000000e+01 1.860000000000000000e+02
1.457900993457139969e+09 9.000000000000000000e+00 9.000000000000000000e+00 1.860000000000000000e+02
1.457901053480377913e+09 8.000000000000000000e+00 8.000000000000000000e+00 1.860000000000000000e+02
1.457901113504610062e+09 8.000000000000000000e+00 8.000000000000000000e+00 1.850000000000000000e+02
1.457901173530771017e+09 8.000000000000000000e+00 8.000000000000000000e+00 1.850000000000000000e+02
1.457901233554490089e+09 8.000000000000000000e+00 8.000000000000000000e+00 1.850000000000000000e+02
1.457901293577769041e+09 8.000000000000000000e+00 8.000000000000000000e+00 1.850000000000000000e+02
1.457901353601834059e+09 8.000000000000000000e+00 8.000000000000000000e+00 1.890000000000000000e+02
1.457901413625052929e+09 8.000000000000000000e+00 8.000000000000000000e+00 1.890000000000000000e+02
1.457901473647627115e+09 8.000000000000000000e+00 8.000000000000000000e+00 1.890000000000000000e+02
1.457901533672626972e+09 8.000000000000000000e+00 8.000000000000000000e+00 1.890000000000000000e+02
1.457901593695789099e+09 8.000000000000000000e+00 8.000000000000000000e+00 1.890000000000000000e+02
1.457901653978804111e+09 8.000000000000000000e+00 8.000000000000000000e+00 1.890000000000000000e+02
1.457901713999325037e+09 8.000000000000000000e+00 8.000000000000000000e+00 1.890000000000000000e+02
1.457901774021792889e+09 8.000000000000000000e+00 8.000000000000000000e+00 1.890000000000000000e+02
1.457901834044116974e+09 8.000000000000000000e+00 8.000000000000000000e+00 1.890000000000000000e+02
1.457901894094955921e+09 8.000000000000000000e+00 8.000000000000000000e+00 1.890000000000000000e+02
1.457901954117145061e+09 8.000000000000000000e+00 8.000000000000000000e+00 1.890000000000000000e+02
1.457902014148890018e+09 8.000000000000000000e+00 8.000000000000000000e+00 1.890000000000000000e+02
1.457902074169498920e+09 7.000000000000000000e+00 8.000000000000000000e+00 1.890000000000000000e+02
1.457902134192240953e+09 7.000000000000000000e+00 8.000000000000000000e+00 1.890000000000000000e+02
1.457902194296560049e+09 7.000000000000000000e+00 8.000000000000000000e+00 1.890000000000000000e+02
1.457902254320758104e+09 7.000000000000000000e+00 8.000000000000000000e+00 1.890000000000000000e+02
1.457902314341989994e+09 7.000000000000000000e+00 8.000000000000000000e+00 1.890000000000000000e+02
1.457902374367468119e+09 7.000000000000000000e+00 8.000000000000000000e+00 1.890000000000000000e+02
1.457902434390670061e+09 7.000000000000000000e+00 8.000000000000000000e+00 1.890000000000000000e+02
1.457902494412334919e+09 7.000000000000000000e+00 8.000000000000000000e+00 1.890000000000000000e+02
1.457902554434097052e+09 7.000000000000000000e+00 8.000000000000000000e+00 1.890000000000000000e+02
1.457902614455008984e+09 7.000000000000000000e+00 8.000000000000000000e+00 1.890000000000000000e+02
1.457902674477655888e+09 7.000000000000000000e+00 8.000000000000000000e+00 1.890000000000000000e+02
1.457902734500706911e+09 7.000000000000000000e+00 8.000000000000000000e+00 1.890000000000000000e+02
1.457902794579785109e+09 7.000000000000000000e+00 8.000000000000000000e+00 1.890000000000000000e+02
1.457902854602648973e+09 7.000000000000000000e+00 8.000000000000000000e+00 1.890000000000000000e+02
1.457902914623491049e+09 7.000000000000000000e+00 8.000000000000000000e+00 1.890000000000000000e+02
1.457902974645944118e+09 7.000000000000000000e+00 8.000000000000000000e+00 1.890000000000000000e+02
1.457903034668220997e+09 7.000000000000000000e+00 8.000000000000000000e+00 1.890000000000000000e+02
1.457903094692008972e+09 7.000000000000000000e+00 8.000000000000000000e+00 1.890000000000000000e+02
1.457903154716248035e+09 7.000000000000000000e+00 8.000000000000000000e+00 1.890000000000000000e+02
1.457903214740849018e+09 6.000000000000000000e+00 8.000000000000000000e+00 1.890000000000000000e+02
1.457903274764952898e+09 6.000000000000000000e+00 8.000000000000000000e+00 1.890000000000000000e+02
1.457903334796797037e+09 6.000000000000000000e+00 8.000000000000000000e+00 1.890000000000000000e+02
1.457903394821787119e+09 6.000000000000000000e+00 8.000000000000000000e+00 1.890000000000000000e+02
1.457903454847068071e+09 6.000000000000000000e+00 8.000000000000000000e+00 1.890000000000000000e+02
1.457903514870251894e+09 6.000000000000000000e+00 8.000000000000000000e+00 1.890000000000000000e+02
1.457903574893290043e+09 6.000000000000000000e+00 8.000000000000000000e+00 1.890000000000000000e+02
1.457903635048650026e+09 6.000000000000000000e+00 8.000000000000000000e+00 1.890000000000000000e+02
1.457903695076797962e+09 6.000000000000000000e+00 8.000000000000000000e+00 1.890000000000000000e+02
1.457903755103104115e+09 6.000000000000000000e+00 8.000000000000000000e+00 1.890000000000000000e+02
1.457903815127789974e+09 6.000000000000000000e+00 8.000000000000000000e+00 1.940000000000000000e+02
1.457903875154956102e+09 6.000000000000000000e+00 8.000000000000000000e+00 1.990000000000000000e+02
1.457903935182372093e+09 6.000000000000000000e+00 8.000000000000000000e+00 1.990000000000000000e+02
1.457903995201867104e+09 6.000000000000000000e+00 8.000000000000000000e+00 1.990000000000000000e+02
1.457904055226109982e+09 6.000000000000000000e+00 8.000000000000000000e+00 1.990000000000000000e+02
1.457904115249352932e+09 6.000000000000000000e+00 8.000000000000000000e+00 1.990000000000000000e+02
1.457904175278485060e+09 6.000000000000000000e+00 8.000000000000000000e+00 2.050000000000000000e+02
1.457904235301604986e+09 6.000000000000000000e+00 8.000000000000000000e+00 2.100000000000000000e+02
1.457904295326194048e+09 6.000000000000000000e+00 8.000000000000000000e+00 2.120000000000000000e+02
1.457904355354655027e+09 6.000000000000000000e+00 8.000000000000000000e+00 2.120000000000000000e+02
1.457904415377017975e+09 9.000000000000000000e+00 1.100000000000000000e+01 2.110000000000000000e+02
1.457904475401117086e+09 9.000000000000000000e+00 1.100000000000000000e+01 2.110000000000000000e+02
1.457904535424418926e+09 9.000000000000000000e+00 1.100000000000000000e+01 2.130000000000000000e+02
1.457904595448935032e+09 9.000000000000000000e+00 1.100000000000000000e+01 2.150000000000000000e+02
1.457904655473045111e+09 9.000000000000000000e+00 1.100000000000000000e+01 2.150000000000000000e+02
1.457904715497251034e+09 9.000000000000000000e+00 1.100000000000000000e+01 2.150000000000000000e+02
1.457904775519223928e+09 9.000000000000000000e+00 1.100000000000000000e+01 2.150000000000000000e+02
1.457904835546057940e+09 9.000000000000000000e+00 1.100000000000000000e+01 2.150000000000000000e+02
1.457904895569709063e+09 9.000000000000000000e+00 1.100000000000000000e+01 2.190000000000000000e+02
1.457904955594010115e+09 9.000000000000000000e+00 1.100000000000000000e+01 2.190000000000000000e+02
1.457905015613421917e+09 9.000000000000000000e+00 1.100000000000000000e+01 2.190000000000000000e+02
1.457905075639488935e+09 9.000000000000000000e+00 1.100000000000000000e+01 2.190000000000000000e+02
1.457905135753536940e+09 9.000000000000000000e+00 1.100000000000000000e+01 2.190000000000000000e+02
1.457905195779617071e+09 9.000000000000000000e+00 1.100000000000000000e+01 2.190000000000000000e+02
1.457905255806766987e+09 9.000000000000000000e+00 1.100000000000000000e+01 2.340000000000000000e+02
1.457905315829032898e+09 9.000000000000000000e+00 1.100000000000000000e+01 2.340000000000000000e+02
1.457905375852247953e+09 9.000000000000000000e+00 1.100000000000000000e+01 2.340000000000000000e+02
1.457905435882287979e+09 9.000000000000000000e+00 1.100000000000000000e+01 2.340000000000000000e+02
1.457905495911026955e+09 9.000000000000000000e+00 1.100000000000000000e+01 2.340000000000000000e+02
1.457905555938662052e+09 9.000000000000000000e+00 1.100000000000000000e+01 2.340000000000000000e+02
1.457905615967315912e+09 9.000000000000000000e+00 1.100000000000000000e+01 2.430000000000000000e+02
1.457905675993885040e+09 9.000000000000000000e+00 1.100000000000000000e+01 2.430000000000000000e+02
1.457905736019030094e+09 9.000000000000000000e+00 1.100000000000000000e+01 2.430000000000000000e+02
1.457905796041455984e+09 9.000000000000000000e+00 1.100000000000000000e+01 2.430000000000000000e+02
1.457905856157850981e+09 9.000000000000000000e+00 1.100000000000000000e+01 2.430000000000000000e+02
1.457905916184698105e+09 9.000000000000000000e+00 1.100000000000000000e+01 2.430000000000000000e+02
1.457905976210648060e+09 9.000000000000000000e+00 1.100000000000000000e+01 2.440000000000000000e+02
1.457906036237011909e+09 9.000000000000000000e+00 1.100000000000000000e+01 2.440000000000000000e+02
1.457906096265106916e+09 9.000000000000000000e+00 1.100000000000000000e+01 2.440000000000000000e+02
1.457906156293632984e+09 9.000000000000000000e+00 1.100000000000000000e+01 2.440000000000000000e+02
1.457906216315339088e+09 9.000000000000000000e+00 1.100000000000000000e+01 2.440000000000000000e+02
1.457906276343245983e+09 9.000000000000000000e+00 1.100000000000000000e+01 2.440000000000000000e+02
1.457906336368035078e+09 9.000000000000000000e+00 1.100000000000000000e+01 2.460000000000000000e+02
1.457906396393116951e+09 9.000000000000000000e+00 1.100000000000000000e+01 2.490000000000000000e+02
1.457906456445142984e+09 9.000000000000000000e+00 1.100000000000000000e+01 2.490000000000000000e+02
1.457906516474772930e+09 9.000000000000000000e+00 1.100000000000000000e+01 2.490000000000000000e+02
1.457906576499231100e+09 8.000000000000000000e+00 1.100000000000000000e+01 2.490000000000000000e+02
1.457906636523859024e+09 8.000000000000000000e+00 1.100000000000000000e+01 2.490000000000000000e+02
1.457906696554179907e+09 8.000000000000000000e+00 1.100000000000000000e+01 2.490000000000000000e+02
1.457906756578867912e+09 8.000000000000000000e+00 1.100000000000000000e+01 2.490000000000000000e+02
1.457906816605933905e+09 8.000000000000000000e+00 1.100000000000000000e+01 2.490000000000000000e+02
1.457906876628678083e+09 8.000000000000000000e+00 1.100000000000000000e+01 2.490000000000000000e+02
1.457906936654819012e+09 8.000000000000000000e+00 1.100000000000000000e+01 2.490000000000000000e+02
1.457906996683382988e+09 8.000000000000000000e+00 1.100000000000000000e+01 2.490000000000000000e+02
1.457907056711937904e+09 8.000000000000000000e+00 1.100000000000000000e+01 2.490000000000000000e+02
1.457907116740338087e+09 8.000000000000000000e+00 1.100000000000000000e+01 2.490000000000000000e+02
1.457907176769819975e+09 8.000000000000000000e+00 8.000000000000000000e+00 2.500000000000000000e+02
1.457907236795825005e+09 8.000000000000000000e+00 8.000000000000000000e+00 2.500000000000000000e+02
1.457907296821969032e+09 8.000000000000000000e+00 8.000000000000000000e+00 2.500000000000000000e+02
1.457907356844276905e+09 8.000000000000000000e+00 8.000000000000000000e+00 2.500000000000000000e+02
1.457907416870198011e+09 8.000000000000000000e+00 8.000000000000000000e+00 2.500000000000000000e+02
1.457907476895298958e+09 8.000000000000000000e+00 8.000000000000000000e+00 2.500000000000000000e+02
1.457907536919480085e+09 8.000000000000000000e+00 8.000000000000000000e+00 2.500000000000000000e+02
1.457907596946157932e+09 8.000000000000000000e+00 8.000000000000000000e+00 2.500000000000000000e+02
1.457907656972999096e+09 8.000000000000000000e+00 8.000000000000000000e+00 2.500000000000000000e+02
1.457907717000698090e+09 8.000000000000000000e+00 8.000000000000000000e+00 2.500000000000000000e+02
1.457907777026412010e+09 8.000000000000000000e+00 8.000000000000000000e+00 2.500000000000000000e+02
1.457907837051543951e+09 8.000000000000000000e+00 8.000000000000000000e+00 2.500000000000000000e+02
1.457907897075764894e+09 8.000000000000000000e+00 8.000000000000000000e+00 2.510000000000000000e+02
1.457907957100087881e+09 8.000000000000000000e+00 8.000000000000000000e+00 2.510000000000000000e+02
1.457908017123771906e+09 8.000000000000000000e+00 8.000000000000000000e+00 2.510000000000000000e+02
1.457908077147895098e+09 8.000000000000000000e+00 8.000000000000000000e+00 2.520000000000000000e+02
1.457908137178332090e+09 8.000000000000000000e+00 8.000000000000000000e+00 2.520000000000000000e+02
1.457908197204731941e+09 8.000000000000000000e+00 8.000000000000000000e+00 2.520000000000000000e+02
1.457908257233041048e+09 8.000000000000000000e+00 8.000000000000000000e+00 2.520000000000000000e+02
1.457908317261883020e+09 8.000000000000000000e+00 8.000000000000000000e+00 2.520000000000000000e+02
1.457908377294939041e+09 8.000000000000000000e+00 8.000000000000000000e+00 2.520000000000000000e+02
1.457908437323729992e+09 8.000000000000000000e+00 8.000000000000000000e+00 2.520000000000000000e+02
1.457908497350158930e+09 8.000000000000000000e+00 8.000000000000000000e+00 2.520000000000000000e+02
1.457908557374461889e+09 8.000000000000000000e+00 8.000000000000000000e+00 2.520000000000000000e+02
1.457908617398835897e+09 7.000000000000000000e+00 8.000000000000000000e+00 2.520000000000000000e+02
1.457908677422703981e+09 7.000000000000000000e+00 8.000000000000000000e+00 2.520000000000000000e+02
1.457908737448740959e+09 7.000000000000000000e+00 8.000000000000000000e+00 2.550000000000000000e+02
1.457908797477762938e+09 7.000000000000000000e+00 8.000000000000000000e+00 2.550000000000000000e+02
1.457908857504280090e+09 7.000000000000000000e+00 8.000000000000000000e+00 2.550000000000000000e+02
1.457908917529571056e+09 7.000000000000000000e+00 8.000000000000000000e+00 2.550000000000000000e+02
1.457908977554296017e+09 7.000000000000000000e+00 8.000000000000000000e+00 2.550000000000000000e+02
1.457909037580277920e+09 7.000000000000000000e+00 8.000000000000000000e+00 2.550000000000000000e+02
1.457909097603494883e+09 7.000000000000000000e+00 8.000000000000000000e+00 2.620000000000000000e+02
1.457909157628313065e+09 7.000000000000000000e+00 8.000000000000000000e+00 2.620000000000000000e+02
1.457909217658958912e+09 7.000000000000000000e+00 8.000000000000000000e+00 2.620000000000000000e+02
1.457909277685305119e+09 7.000000000000000000e+00 8.000000000000000000e+00 2.620000000000000000e+02
1.457909337714622021e+09 7.000000000000000000e+00 8.000000000000000000e+00 2.620000000000000000e+02
1.457909397743999958e+09 7.000000000000000000e+00 8.000000000000000000e+00 2.620000000000000000e+02
1.457909457770504951e+09 7.000000000000000000e+00 8.000000000000000000e+00 2.660000000000000000e+02
1.457909517795783997e+09 7.000000000000000000e+00 8.000000000000000000e+00 2.660000000000000000e+02
1.457909577819691896e+09 7.000000000000000000e+00 8.000000000000000000e+00 2.660000000000000000e+02
1.457909637843914986e+09 7.000000000000000000e+00 8.000000000000000000e+00 2.660000000000000000e+02
1.457909697868027925e+09 7.000000000000000000e+00 8.000000000000000000e+00 2.680000000000000000e+02
1.457909757891747952e+09 7.000000000000000000e+00 8.000000000000000000e+00 2.690000000000000000e+02
1.457909817922892094e+09 7.000000000000000000e+00 8.000000000000000000e+00 2.780000000000000000e+02
1.457909877949095964e+09 7.000000000000000000e+00 8.000000000000000000e+00 2.780000000000000000e+02
1.457909937974833012e+09 7.000000000000000000e+00 8.000000000000000000e+00 2.780000000000000000e+02
1.457909998000181913e+09 7.000000000000000000e+00 8.000000000000000000e+00 2.780000000000000000e+02
1.457910058031018019e+09 7.000000000000000000e+00 8.000000000000000000e+00 2.780000000000000000e+02
1.457910118058367014e+09 7.000000000000000000e+00 8.000000000000000000e+00 2.810000000000000000e+02
1.457910178083250046e+09 7.000000000000000000e+00 8.000000000000000000e+00 2.870000000000000000e+02
1.457910238108313084e+09 7.000000000000000000e+00 8.000000000000000000e+00 2.870000000000000000e+02
1.457910298132082939e+09 7.000000000000000000e+00 8.000000000000000000e+00 2.870000000000000000e+02
1.457910358156080008e+09 7.000000000000000000e+00 8.000000000000000000e+00 2.870000000000000000e+02
1.457910418180461884e+09 7.000000000000000000e+00 8.000000000000000000e+00 2.870000000000000000e+02
1.457910478210796118e+09 6.000000000000000000e+00 8.000000000000000000e+00 2.870000000000000000e+02
1.457910538238363981e+09 6.000000000000000000e+00 8.000000000000000000e+00 2.880000000000000000e+02
1.457910598264107943e+09 6.000000000000000000e+00 8.000000000000000000e+00 2.880000000000000000e+02
1.457910658288271904e+09 6.000000000000000000e+00 8.000000000000000000e+00 2.880000000000000000e+02
1.457910718312241077e+09 6.000000000000000000e+00 8.000000000000000000e+00 2.880000000000000000e+02
1.457910778343015909e+09 6.000000000000000000e+00 8.000000000000000000e+00 2.880000000000000000e+02
1.457910838370469093e+09 6.000000000000000000e+00 8.000000000000000000e+00 2.880000000000000000e+02
1.457910898395709038e+09 6.000000000000000000e+00 8.000000000000000000e+00 2.910000000000000000e+02
1.457910958423259020e+09 6.000000000000000000e+00 8.000000000000000000e+00 2.910000000000000000e+02
1.457911018452444077e+09 6.000000000000000000e+00 8.000000000000000000e+00 2.910000000000000000e+02
1.457911078478825092e+09 6.000000000000000000e+00 8.000000000000000000e+00 2.910000000000000000e+02
1.457911138503870010e+09 6.000000000000000000e+00 8.000000000000000000e+00 2.910000000000000000e+02
1.457911198528244019e+09 6.000000000000000000e+00 8.000000000000000000e+00 2.930000000000000000e+02
1.457911258558712006e+09 6.000000000000000000e+00 8.000000000000000000e+00 2.980000000000000000e+02
1.457911318586013079e+09 6.000000000000000000e+00 8.000000000000000000e+00 2.980000000000000000e+02
1.457911378611643076e+09 6.000000000000000000e+00 8.000000000000000000e+00 2.980000000000000000e+02
1.457911438636454105e+09 6.000000000000000000e+00 8.000000000000000000e+00 2.980000000000000000e+02
1.457911498665338993e+09 6.000000000000000000e+00 8.000000000000000000e+00 2.980000000000000000e+02
1.457911558693440914e+09 6.000000000000000000e+00 8.000000000000000000e+00 2.980000000000000000e+02
1.457911618719379902e+09 6.000000000000000000e+00 8.000000000000000000e+00 2.980000000000000000e+02
1.457911678744136095e+09 6.000000000000000000e+00 8.000000000000000000e+00 2.980000000000000000e+02
1.457911738919992924e+09 6.000000000000000000e+00 6.000000000000000000e+00 2.700000000000000000e+02
1.457911798946312904e+09 6.000000000000000000e+00 6.000000000000000000e+00 2.700000000000000000e+02
1.457911858970746040e+09 6.000000000000000000e+00 6.000000000000000000e+00 2.700000000000000000e+02
1.457911918995484114e+09 6.000000000000000000e+00 6.000000000000000000e+00 2.700000000000000000e+02
1.457911979019769907e+09 6.000000000000000000e+00 6.000000000000000000e+00 2.700000000000000000e+02
1.457912039044178963e+09 6.000000000000000000e+00 6.000000000000000000e+00 2.700000000000000000e+02
1.457912099068785906e+09 1.000000000000000000e+01 1.000000000000000000e+01 2.700000000000000000e+02
1.457912159099061966e+09 1.000000000000000000e+01 1.000000000000000000e+01 2.700000000000000000e+02
1.457912219125750065e+09 1.000000000000000000e+01 1.000000000000000000e+01 2.700000000000000000e+02
1.457912279150707006e+09 1.000000000000000000e+01 1.000000000000000000e+01 2.700000000000000000e+02
1.457912339175451994e+09 1.000000000000000000e+01 1.000000000000000000e+01 2.700000000000000000e+02
1.457912399204562902e+09 1.000000000000000000e+01 1.000000000000000000e+01 2.700000000000000000e+02
1.457912459234905005e+09 1.000000000000000000e+01 1.000000000000000000e+01 2.700000000000000000e+02
1.457912519294687986e+09 1.000000000000000000e+01 1.000000000000000000e+01 2.700000000000000000e+02
1.457912579319365025e+09 1.000000000000000000e+01 1.000000000000000000e+01 2.760000000000000000e+02
1.457912639343398094e+09 1.000000000000000000e+01 1.000000000000000000e+01 2.760000000000000000e+02
1.457912699367899895e+09 1.000000000000000000e+01 1.000000000000000000e+01 2.760000000000000000e+02
1.457912759390711069e+09 1.000000000000000000e+01 1.000000000000000000e+01 2.760000000000000000e+02
1.457912819416371107e+09 1.000000000000000000e+01 1.000000000000000000e+01 2.760000000000000000e+02
1.457912879446451902e+09 1.000000000000000000e+01 1.000000000000000000e+01 2.760000000000000000e+02
1.457912939473459959e+09 1.000000000000000000e+01 1.000000000000000000e+01 2.810000000000000000e+02
1.457912999498568058e+09 1.000000000000000000e+01 1.000000000000000000e+01 2.810000000000000000e+02
1.457913059524053097e+09 1.000000000000000000e+01 1.000000000000000000e+01 2.810000000000000000e+02
1.457913119554635048e+09 1.000000000000000000e+01 1.000000000000000000e+01 2.810000000000000000e+02
1.457913179582536936e+09 1.000000000000000000e+01 1.000000000000000000e+01 2.810000000000000000e+02
1.457913239607958078e+09 1.000000000000000000e+01 1.000000000000000000e+01 2.820000000000000000e+02
1.457913299631906033e+09 1.000000000000000000e+01 1.000000000000000000e+01 2.860000000000000000e+02
1.457913359655776978e+09 1.000000000000000000e+01 1.000000000000000000e+01 2.860000000000000000e+02
1.457913419680423975e+09 1.000000000000000000e+01 1.000000000000000000e+01 2.860000000000000000e+02
1.457913479710418940e+09 1.000000000000000000e+01 1.000000000000000000e+01 2.860000000000000000e+02
1.457913539737174034e+09 1.000000000000000000e+01 1.000000000000000000e+01 2.860000000000000000e+02
1.457913599763004065e+09 1.000000000000000000e+01 1.000000000000000000e+01 2.870000000000000000e+02
1.457913659788625956e+09 1.000000000000000000e+01 1.000000000000000000e+01 2.960000000000000000e+02
1.457913719819259882e+09 1.000000000000000000e+01 1.000000000000000000e+01 2.960000000000000000e+02
1.457913779846546888e+09 1.000000000000000000e+01 1.000000000000000000e+01 2.960000000000000000e+02
1.457913839872806072e+09 1.000000000000000000e+01 1.000000000000000000e+01 2.960000000000000000e+02
1.457913899903666019e+09 1.000000000000000000e+01 1.000000000000000000e+01 2.960000000000000000e+02
1.457913959929822922e+09 1.000000000000000000e+01 1.000000000000000000e+01 2.990000000000000000e+02
1.457914019955473900e+09 1.000000000000000000e+01 1.000000000000000000e+01 2.990000000000000000e+02
1.457914079980216980e+09 1.000000000000000000e+01 1.000000000000000000e+01 2.990000000000000000e+02
1.457914140011399984e+09 1.000000000000000000e+01 1.000000000000000000e+01 2.990000000000000000e+02
1.457914200037801981e+09 1.000000000000000000e+01 1.000000000000000000e+01 2.990000000000000000e+02
1.457914260064052105e+09 1.000000000000000000e+01 1.000000000000000000e+01 2.990000000000000000e+02
1.457914320088376045e+09 1.000000000000000000e+01 1.000000000000000000e+01 3.010000000000000000e+02
1.457914380115770102e+09 1.000000000000000000e+01 1.000000000000000000e+01 3.040000000000000000e+02
1.457914440143414021e+09 1.000000000000000000e+01 1.000000000000000000e+01 3.040000000000000000e+02
1.457914500170952082e+09 1.000000000000000000e+01 1.000000000000000000e+01 3.040000000000000000e+02
1.457914560196588039e+09 1.000000000000000000e+01 1.000000000000000000e+01 3.040000000000000000e+02
1.457914620255901098e+09 1.000000000000000000e+01 1.000000000000000000e+01 3.040000000000000000e+02
1.457914680285932064e+09 1.000000000000000000e+01 1.000000000000000000e+01 3.040000000000000000e+02
1.457914740314738035e+09 1.000000000000000000e+01 1.000000000000000000e+01 3.090000000000000000e+02
1.457914800341325998e+09 1.000000000000000000e+01 1.000000000000000000e+01 3.090000000000000000e+02
1.457914860378325939e+09 1.000000000000000000e+01 1.000000000000000000e+01 3.090000000000000000e+02
1.457914920408143044e+09 1.000000000000000000e+01 1.000000000000000000e+01 3.090000000000000000e+02
1.457914980436522007e+09 1.000000000000000000e+01 1.000000000000000000e+01 3.090000000000000000e+02
1.457915040467489958e+09 1.000000000000000000e+01 1.000000000000000000e+01 3.110000000000000000e+02
1.457915100495037079e+09 1.000000000000000000e+01 1.000000000000000000e+01 3.170000000000000000e+02
1.457915160519521952e+09 1.000000000000000000e+01 1.000000000000000000e+01 3.170000000000000000e+02
1.457915220544162035e+09 1.000000000000000000e+01 1.000000000000000000e+01 3.170000000000000000e+02
1.457915280574459076e+09 1.000000000000000000e+01 1.000000000000000000e+01 3.170000000000000000e+02
1.457915340601768017e+09 1.000000000000000000e+01 1.000000000000000000e+01 3.170000000000000000e+02
1.457915400630733967e+09 1.000000000000000000e+01 1.000000000000000000e+01 2.850000000000000000e+02
1.457915460660281897e+09 1.000000000000000000e+01 1.000000000000000000e+01 2.850000000000000000e+02
1.457915520686399937e+09 1.000000000000000000e+01 1.000000000000000000e+01 2.850000000000000000e+02
1.457915580711220980e+09 9.000000000000000000e+00 1.000000000000000000e+01 2.850000000000000000e+02
1.457915640742737055e+09 9.000000000000000000e+00 1.000000000000000000e+01 2.850000000000000000e+02
1.457915700770489931e+09 9.000000000000000000e+00 1.000000000000000000e+01 2.850000000000000000e+02
1.457915760795841932e+09 9.000000000000000000e+00 1.000000000000000000e+01 2.850000000000000000e+02
1.457915820826777935e+09 9.000000000000000000e+00 1.000000000000000000e+01 2.850000000000000000e+02
1.457915880852473021e+09 9.000000000000000000e+00 1.000000000000000000e+01 2.850000000000000000e+02
1.457915940878293037e+09 9.000000000000000000e+00 1.000000000000000000e+01 2.850000000000000000e+02
1.457916000903853893e+09 9.000000000000000000e+00 1.000000000000000000e+01 2.850000000000000000e+02
1.457916060933387995e+09 9.000000000000000000e+00 1.000000000000000000e+01 2.850000000000000000e+02
1.457916120961872101e+09 9.000000000000000000e+00 1.000000000000000000e+01 2.850000000000000000e+02
1.457916180987605095e+09 9.000000000000000000e+00 1.000000000000000000e+01 2.850000000000000000e+02
1.457916241017901897e+09 9.000000000000000000e+00 1.000000000000000000e+01 2.850000000000000000e+02
1.457916301045959949e+09 9.000000000000000000e+00 1.000000000000000000e+01 2.850000000000000000e+02
1.457916361071819067e+09 9.000000000000000000e+00 1.000000000000000000e+01 2.850000000000000000e+02
1.457916421102566957e+09 9.000000000000000000e+00 1.000000000000000000e+01 2.850000000000000000e+02
1.457916481126921892e+09 9.000000000000000000e+00 1.000000000000000000e+01 2.850000000000000000e+02
1.457916541154301882e+09 9.000000000000000000e+00 1.000000000000000000e+01 2.850000000000000000e+02
1.457916601179999113e+09 9.000000000000000000e+00 1.000000000000000000e+01 2.850000000000000000e+02
1.457916661204181910e+09 9.000000000000000000e+00 1.000000000000000000e+01 2.850000000000000000e+02
1.457916721227755070e+09 9.000000000000000000e+00 1.000000000000000000e+01 2.850000000000000000e+02
1.457916781258052111e+09 9.000000000000000000e+00 1.000000000000000000e+01 2.850000000000000000e+02
1.457916841285686970e+09 9.000000000000000000e+00 1.000000000000000000e+01 2.850000000000000000e+02
1.457916901310698032e+09 9.000000000000000000e+00 1.000000000000000000e+01 2.850000000000000000e+02
1.457916961335315943e+09 9.000000000000000000e+00 1.000000000000000000e+01 2.850000000000000000e+02
1.457917021359817028e+09 9.000000000000000000e+00 1.000000000000000000e+01 2.850000000000000000e+02
1.457917081383960009e+09 9.000000000000000000e+00 1.000000000000000000e+01 2.850000000000000000e+02
1.457917141414757967e+09 9.000000000000000000e+00 1.000000000000000000e+01 2.850000000000000000e+02
1.457917201442200899e+09 9.000000000000000000e+00 1.000000000000000000e+01 2.850000000000000000e+02
1.457917261467816114e+09 9.000000000000000000e+00 1.000000000000000000e+01 2.920000000000000000e+02
1.457917321491542101e+09 9.000000000000000000e+00 1.000000000000000000e+01 2.920000000000000000e+02
1.457917381516474962e+09 9.000000000000000000e+00 1.000000000000000000e+01 2.920000000000000000e+02
1.457917441547004938e+09 9.000000000000000000e+00 1.000000000000000000e+01 2.920000000000000000e+02
1.457917501572351933e+09 9.000000000000000000e+00 1.000000000000000000e+01 2.920000000000000000e+02
1.457917561598033905e+09 9.000000000000000000e+00 1.000000000000000000e+01 2.920000000000000000e+02
1.457917621626667023e+09 9.000000000000000000e+00 1.000000000000000000e+01 3.020000000000000000e+02
1.457917681653923988e+09 9.000000000000000000e+00 1.000000000000000000e+01 3.020000000000000000e+02
1.457917741681380987e+09 8.000000000000000000e+00 1.000000000000000000e+01 3.020000000000000000e+02
1.457917801706700087e+09 8.000000000000000000e+00 1.000000000000000000e+01 3.020000000000000000e+02
1.457917861732672930e+09 8.000000000000000000e+00 1.000000000000000000e+01 3.020000000000000000e+02
1.457917921762501955e+09 8.000000000000000000e+00 1.000000000000000000e+01 3.020000000000000000e+02
1.457917981789531946e+09 8.000000000000000000e+00 1.000000000000000000e+01 3.020000000000000000e+02
1.457918041821157932e+09 8.000000000000000000e+00 1.000000000000000000e+01 3.020000000000000000e+02
1.457918101848766088e+09 8.000000000000000000e+00 1.000000000000000000e+01 3.020000000000000000e+02
1.457918161878736019e+09 8.000000000000000000e+00 1.000000000000000000e+01 3.020000000000000000e+02
1.457918221909352064e+09 8.000000000000000000e+00 1.000000000000000000e+01 3.020000000000000000e+02
1.457918281941723108e+09 8.000000000000000000e+00 1.000000000000000000e+01 3.050000000000000000e+02
1.457918341968822002e+09 8.000000000000000000e+00 1.000000000000000000e+01 3.060000000000000000e+02
1.457918402014566898e+09 8.000000000000000000e+00 1.000000000000000000e+01 3.060000000000000000e+02
1.457918462041752100e+09 8.000000000000000000e+00 1.000000000000000000e+01 3.070000000000000000e+02
1.457918522068172932e+09 8.000000000000000000e+00 1.000000000000000000e+01 3.070000000000000000e+02
1.457918582099750042e+09 8.000000000000000000e+00 1.000000000000000000e+01 3.070000000000000000e+02
1.457918642126488924e+09 8.000000000000000000e+00 1.000000000000000000e+01 3.080000000000000000e+02
1.457918702151668072e+09 8.000000000000000000e+00 1.000000000000000000e+01 3.080000000000000000e+02
1.457918762176666021e+09 8.000000000000000000e+00 1.000000000000000000e+01 3.080000000000000000e+02
1.457918822206248999e+09 8.000000000000000000e+00 1.000000000000000000e+01 3.080000000000000000e+02
1.457918882234420061e+09 8.000000000000000000e+00 1.000000000000000000e+01 3.080000000000000000e+02
1.457918942261593103e+09 8.000000000000000000e+00 1.000000000000000000e+01 3.080000000000000000e+02
1.457919002290348053e+09 6.000000000000000000e+00 9.000000000000000000e+00 3.070000000000000000e+02
1.457919062318217039e+09 6.000000000000000000e+00 9.000000000000000000e+00 3.090000000000000000e+02
1.457919122343332052e+09 6.000000000000000000e+00 9.000000000000000000e+00 3.090000000000000000e+02
1.457919182368853092e+09 6.000000000000000000e+00 9.000000000000000000e+00 3.090000000000000000e+02
1.457919242400747061e+09 6.000000000000000000e+00 9.000000000000000000e+00 3.090000000000000000e+02
1.457919302426547050e+09 6.000000000000000000e+00 9.000000000000000000e+00 3.090000000000000000e+02
1.457919362451215982e+09 6.000000000000000000e+00 9.000000000000000000e+00 3.090000000000000000e+02
1.457919422476358891e+09 6.000000000000000000e+00 9.000000000000000000e+00 3.120000000000000000e+02
1.457919482500827074e+09 6.000000000000000000e+00 9.000000000000000000e+00 3.120000000000000000e+02
1.457919542530284882e+09 9.000000000000000000e+00 1.200000000000000000e+01 3.100000000000000000e+02
1.457919602558289051e+09 9.000000000000000000e+00 1.200000000000000000e+01 3.100000000000000000e+02
1.457919662584233999e+09 9.000000000000000000e+00 1.200000000000000000e+01 3.100000000000000000e+02
1.457919722615852118e+09 9.000000000000000000e+00 1.200000000000000000e+01 3.100000000000000000e+02
1.457919782642285109e+09 9.000000000000000000e+00 1.200000000000000000e+01 3.100000000000000000e+02
1.457919842668437958e+09 9.000000000000000000e+00 9.000000000000000000e+00 2.800000000000000000e+02
1.457919902699881077e+09 9.000000000000000000e+00 9.000000000000000000e+00 2.800000000000000000e+02
1.457919962722582102e+09 9.000000000000000000e+00 9.000000000000000000e+00 2.800000000000000000e+02
1.457920022749161959e+09 9.000000000000000000e+00 9.000000000000000000e+00 2.800000000000000000e+02
1.457920082775621891e+09 9.000000000000000000e+00 9.000000000000000000e+00 2.800000000000000000e+02
1.457920142807375908e+09 9.000000000000000000e+00 9.000000000000000000e+00 2.800000000000000000e+02
1.457920202834287882e+09 9.000000000000000000e+00 9.000000000000000000e+00 2.800000000000000000e+02
1.457920262863267899e+09 9.000000000000000000e+00 9.000000000000000000e+00 2.800000000000000000e+02
1.457920322899374008e+09 9.000000000000000000e+00 9.000000000000000000e+00 2.800000000000000000e+02
1.457920382923002005e+09 9.000000000000000000e+00 9.000000000000000000e+00 2.800000000000000000e+02
1.457920442947900057e+09 9.000000000000000000e+00 9.000000000000000000e+00 2.840000000000000000e+02
1.457920502969464064e+09 9.000000000000000000e+00 9.000000000000000000e+00 2.870000000000000000e+02
1.457920562996474981e+09 9.000000000000000000e+00 9.000000000000000000e+00 2.870000000000000000e+02
1.457920623024835110e+09 9.000000000000000000e+00 9.000000000000000000e+00 2.870000000000000000e+02
1.457920683051595926e+09 9.000000000000000000e+00 9.000000000000000000e+00 2.870000000000000000e+02
1.457920743080743074e+09 9.000000000000000000e+00 9.000000000000000000e+00 2.870000000000000000e+02
1.457920803177743912e+09 9.000000000000000000e+00 9.000000000000000000e+00 2.880000000000000000e+02
1.457920863211030006e+09 9.000000000000000000e+00 9.000000000000000000e+00 2.910000000000000000e+02
1.457920923239737034e+09 9.000000000000000000e+00 9.000000000000000000e+00 2.910000000000000000e+02
1.457920983266413927e+09 9.000000000000000000e+00 9.000000000000000000e+00 2.910000000000000000e+02
1.457921043291732073e+09 9.000000000000000000e+00 9.000000000000000000e+00 2.910000000000000000e+02
1.457921103323359966e+09 9.000000000000000000e+00 9.000000000000000000e+00 2.910000000000000000e+02
1.457921163349776030e+09 9.000000000000000000e+00 9.000000000000000000e+00 2.940000000000000000e+02
1.457921223376581907e+09 9.000000000000000000e+00 9.000000000000000000e+00 2.940000000000000000e+02
1.457921283407056093e+09 9.000000000000000000e+00 9.000000000000000000e+00 2.940000000000000000e+02
1.457921343433660030e+09 9.000000000000000000e+00 9.000000000000000000e+00 2.950000000000000000e+02
1.457921403459537029e+09 9.000000000000000000e+00 9.000000000000000000e+00 2.950000000000000000e+02
1.457921463490967035e+09 9.000000000000000000e+00 9.000000000000000000e+00 2.950000000000000000e+02
1.457921523518141985e+09 9.000000000000000000e+00 9.000000000000000000e+00 2.950000000000000000e+02
1.457921583549763918e+09 9.000000000000000000e+00 9.000000000000000000e+00 2.960000000000000000e+02
1.457921643577567101e+09 8.000000000000000000e+00 9.000000000000000000e+00 2.960000000000000000e+02
1.457921703602911949e+09 8.000000000000000000e+00 9.000000000000000000e+00 2.960000000000000000e+02
1.457921763635301113e+09 8.000000000000000000e+00 9.000000000000000000e+00 2.960000000000000000e+02
1.457921823661839008e+09 8.000000000000000000e+00 9.000000000000000000e+00 2.960000000000000000e+02
1.457921883690790892e+09 8.000000000000000000e+00 9.000000000000000000e+00 2.970000000000000000e+02
1.457921943719449997e+09 8.000000000000000000e+00 9.000000000000000000e+00 2.970000000000000000e+02
1.457922003745544910e+09 8.000000000000000000e+00 9.000000000000000000e+00 2.970000000000000000e+02
1.457922063771056890e+09 8.000000000000000000e+00 9.000000000000000000e+00 2.970000000000000000e+02
1.457922123802639961e+09 8.000000000000000000e+00 9.000000000000000000e+00 2.970000000000000000e+02
1.457922183830843925e+09 8.000000000000000000e+00 9.000000000000000000e+00 2.970000000000000000e+02
1.457922243856590986e+09 8.000000000000000000e+00 9.000000000000000000e+00 2.980000000000000000e+02
1.457922303883335114e+09 8.000000000000000000e+00 9.000000000000000000e+00 2.980000000000000000e+02
1.457922363912976027e+09 8.000000000000000000e+00 9.000000000000000000e+00 2.980000000000000000e+02
1.457922423939868927e+09 8.000000000000000000e+00 9.000000000000000000e+00 2.980000000000000000e+02
1.457922483970833063e+09 8.000000000000000000e+00 9.000000000000000000e+00 2.980000000000000000e+02
1.457922543998558998e+09 8.000000000000000000e+00 9.000000000000000000e+00 2.980000000000000000e+02
1.457922604023566008e+09 8.000000000000000000e+00 9.000000000000000000e+00 2.990000000000000000e+02
1.457922664081448078e+09 8.000000000000000000e+00 9.000000000000000000e+00 2.990000000000000000e+02
1.457922724107744932e+09 8.000000000000000000e+00 9.000000000000000000e+00 2.990000000000000000e+02
1.457922784133313894e+09 8.000000000000000000e+00 9.000000000000000000e+00 2.990000000000000000e+02
1.457922844165407896e+09 8.000000000000000000e+00 9.000000000000000000e+00 2.990000000000000000e+02
1.457922904192120075e+09 8.000000000000000000e+00 9.000000000000000000e+00 2.990000000000000000e+02
1.457922964223077059e+09 8.000000000000000000e+00 9.000000000000000000e+00 3.020000000000000000e+02
1.457923024250355959e+09 8.000000000000000000e+00 9.000000000000000000e+00 3.020000000000000000e+02
1.457923084278187037e+09 8.000000000000000000e+00 9.000000000000000000e+00 3.020000000000000000e+02
1.457923144308768034e+09 8.000000000000000000e+00 9.000000000000000000e+00 3.020000000000000000e+02
1.457923204336236000e+09 8.000000000000000000e+00 9.000000000000000000e+00 3.020000000000000000e+02
1.457923264366566896e+09 8.000000000000000000e+00 9.000000000000000000e+00 3.020000000000000000e+02
1.457923324395993948e+09 8.000000000000000000e+00 9.000000000000000000e+00 3.020000000000000000e+02
1.457923384420304060e+09 8.000000000000000000e+00 9.000000000000000000e+00 3.020000000000000000e+02
1.457923444452348948e+09 8.000000000000000000e+00 9.000000000000000000e+00 3.020000000000000000e+02
1.457923504478676081e+09 8.000000000000000000e+00 9.000000000000000000e+00 3.020000000000000000e+02
1.457923564503447056e+09 8.000000000000000000e+00 9.000000000000000000e+00 3.020000000000000000e+02
1.457923624534372091e+09 8.000000000000000000e+00 9.000000000000000000e+00 3.020000000000000000e+02
1.457923684563585043e+09 8.000000000000000000e+00 9.000000000000000000e+00 3.020000000000000000e+02
1.457923744588035107e+09 8.000000000000000000e+00 8.000000000000000000e+00 2.810000000000000000e+02
1.457923804612035036e+09 8.000000000000000000e+00 8.000000000000000000e+00 2.810000000000000000e+02
1.457923864642786980e+09 8.000000000000000000e+00 8.000000000000000000e+00 2.810000000000000000e+02
1.457923924668473959e+09 8.000000000000000000e+00 8.000000000000000000e+00 2.810000000000000000e+02
1.457923984693871021e+09 8.000000000000000000e+00 8.000000000000000000e+00 2.810000000000000000e+02
1.457924044718560934e+09 8.000000000000000000e+00 8.000000000000000000e+00 2.810000000000000000e+02
1.457924104743472099e+09 8.000000000000000000e+00 8.000000000000000000e+00 2.810000000000000000e+02
1.457924164767510891e+09 8.000000000000000000e+00 8.000000000000000000e+00 2.810000000000000000e+02
1.457924224792162895e+09 8.000000000000000000e+00 8.000000000000000000e+00 2.810000000000000000e+02
1.457924284822743893e+09 8.000000000000000000e+00 8.000000000000000000e+00 2.810000000000000000e+02
1.457924344849802017e+09 8.000000000000000000e+00 8.000000000000000000e+00 2.810000000000000000e+02
1.457924404875129938e+09 8.000000000000000000e+00 8.000000000000000000e+00 2.810000000000000000e+02
1.457924464899841070e+09 8.000000000000000000e+00 8.000000000000000000e+00 2.810000000000000000e+02
1.457924524924367905e+09 8.000000000000000000e+00 8.000000000000000000e+00 2.810000000000000000e+02
1.457924584950640917e+09 8.000000000000000000e+00 8.000000000000000000e+00 2.810000000000000000e+02
1.457924644979692936e+09 8.000000000000000000e+00 8.000000000000000000e+00 2.810000000000000000e+02
1.457924705093338966e+09 8.000000000000000000e+00 8.000000000000000000e+00 2.830000000000000000e+02
1.457924765121911049e+09 8.000000000000000000e+00 8.000000000000000000e+00 2.830000000000000000e+02
1.457924825148396969e+09 8.000000000000000000e+00 8.000000000000000000e+00 2.830000000000000000e+02
1.457924885173813105e+09 8.000000000000000000e+00 8.000000000000000000e+00 2.830000000000000000e+02
1.457924945201698065e+09 8.000000000000000000e+00 8.000000000000000000e+00 2.830000000000000000e+02
1.457925005231148958e+09 8.000000000000000000e+00 8.000000000000000000e+00 2.830000000000000000e+02
1.457925065510318041e+09 8.000000000000000000e+00 8.000000000000000000e+00 2.840000000000000000e+02
1.457925125534837008e+09 8.000000000000000000e+00 8.000000000000000000e+00 2.840000000000000000e+02
1.457925185559745073e+09 8.000000000000000000e+00 8.000000000000000000e+00 2.840000000000000000e+02
1.457925245584101915e+09 8.000000000000000000e+00 8.000000000000000000e+00 2.840000000000000000e+02
1.457925305608088970e+09 8.000000000000000000e+00 8.000000000000000000e+00 2.840000000000000000e+02
1.457925365638902903e+09 8.000000000000000000e+00 8.000000000000000000e+00 2.840000000000000000e+02
1.457925425665863991e+09 8.000000000000000000e+00 8.000000000000000000e+00 2.850000000000000000e+02
1.457925485691164017e+09 8.000000000000000000e+00 8.000000000000000000e+00 2.850000000000000000e+02
1.457925545715928078e+09 8.000000000000000000e+00 8.000000000000000000e+00 2.850000000000000000e+02
1.457925605740169048e+09 8.000000000000000000e+00 8.000000000000000000e+00 2.850000000000000000e+02
1.457925665768701077e+09 8.000000000000000000e+00 8.000000000000000000e+00 2.850000000000000000e+02
1.457925725796751976e+09 8.000000000000000000e+00 8.000000000000000000e+00 2.850000000000000000e+02
1.457925785822802067e+09 8.000000000000000000e+00 8.000000000000000000e+00 2.860000000000000000e+02
1.457925845846549034e+09 8.000000000000000000e+00 8.000000000000000000e+00 2.860000000000000000e+02
1.457925905871206999e+09 8.000000000000000000e+00 8.000000000000000000e+00 2.860000000000000000e+02
1.457925965895363092e+09 8.000000000000000000e+00 8.000000000000000000e+00 2.860000000000000000e+02
1.457926025924141884e+09 8.000000000000000000e+00 8.000000000000000000e+00 2.860000000000000000e+02
1.457926085950707912e+09 8.000000000000000000e+00 8.000000000000000000e+00 2.860000000000000000e+02
1.457926145977278948e+09 8.000000000000000000e+00 8.000000000000000000e+00 2.860000000000000000e+02
1.457926206003164053e+09 8.000000000000000000e+00 8.000000000000000000e+00 2.870000000000000000e+02
1.457926266028094053e+09 8.000000000000000000e+00 8.000000000000000000e+00 2.870000000000000000e+02
1.457926326058408976e+09 8.000000000000000000e+00 8.000000000000000000e+00 2.870000000000000000e+02
1.457926386085860968e+09 8.000000000000000000e+00 8.000000000000000000e+00 2.870000000000000000e+02
1.457926446111623049e+09 8.000000000000000000e+00 8.000000000000000000e+00 2.870000000000000000e+02
1.457926506135783911e+09 8.000000000000000000e+00 8.000000000000000000e+00 2.870000000000000000e+02
1.457926566158576012e+09 8.000000000000000000e+00 8.000000000000000000e+00 2.890000000000000000e+02
1.457926626184729099e+09 8.000000000000000000e+00 8.000000000000000000e+00 2.890000000000000000e+02
1.457926686208070993e+09 8.000000000000000000e+00 8.000000000000000000e+00 2.890000000000000000e+02
1.457926746231961966e+09 8.000000000000000000e+00 8.000000000000000000e+00 2.890000000000000000e+02
1.457926806260848999e+09 8.000000000000000000e+00 8.000000000000000000e+00 2.890000000000000000e+02
1.457926866288724899e+09 8.000000000000000000e+00 8.000000000000000000e+00 2.890000000000000000e+02
1.457926926314337015e+09 8.000000000000000000e+00 8.000000000000000000e+00 2.900000000000000000e+02
1.457926986345654964e+09 7.000000000000000000e+00 8.000000000000000000e+00 2.930000000000000000e+02
1.457927046373800039e+09 7.000000000000000000e+00 8.000000000000000000e+00 2.930000000000000000e+02
1.457927106398843050e+09 7.000000000000000000e+00 8.000000000000000000e+00 2.930000000000000000e+02
1.457927166425673008e+09 7.000000000000000000e+00 8.000000000000000000e+00 2.930000000000000000e+02
1.457927226455852032e+09 7.000000000000000000e+00 8.000000000000000000e+00 2.930000000000000000e+02
1.457927286482429981e+09 7.000000000000000000e+00 8.000000000000000000e+00 2.950000000000000000e+02
1.457927346507920980e+09 7.000000000000000000e+00 8.000000000000000000e+00 2.970000000000000000e+02
1.457927406538638115e+09 7.000000000000000000e+00 8.000000000000000000e+00 2.970000000000000000e+02
1.457927466566201925e+09 7.000000000000000000e+00 8.000000000000000000e+00 2.970000000000000000e+02
1.457927526591686010e+09 7.000000000000000000e+00 8.000000000000000000e+00 2.970000000000000000e+02
1.457927586622401953e+09 7.000000000000000000e+00 8.000000000000000000e+00 2.970000000000000000e+02
1.457927646649810076e+09 7.000000000000000000e+00 8.000000000000000000e+00 2.970000000000000000e+02
1.457927706676013947e+09 7.000000000000000000e+00 8.000000000000000000e+00 2.970000000000000000e+02
1.457927766699685097e+09 7.000000000000000000e+00 7.000000000000000000e+00 2.690000000000000000e+02
1.457927826724230051e+09 7.000000000000000000e+00 7.000000000000000000e+00 2.690000000000000000e+02
1.457927886754617929e+09 7.000000000000000000e+00 7.000000000000000000e+00 2.690000000000000000e+02
1.457927946781538010e+09 7.000000000000000000e+00 7.000000000000000000e+00 2.690000000000000000e+02
1.457928006809556007e+09 7.000000000000000000e+00 7.000000000000000000e+00 2.690000000000000000e+02
1.457928066865068913e+09 7.000000000000000000e+00 7.000000000000000000e+00 2.690000000000000000e+02
1.457928126890003920e+09 7.000000000000000000e+00 7.000000000000000000e+00 2.690000000000000000e+02
1.457928187037060022e+09 7.000000000000000000e+00 7.000000000000000000e+00 2.710000000000000000e+02
1.457928247065568924e+09 7.000000000000000000e+00 7.000000000000000000e+00 2.710000000000000000e+02
1.457928307091667891e+09 7.000000000000000000e+00 7.000000000000000000e+00 2.710000000000000000e+02
1.457928367117579937e+09 7.000000000000000000e+00 7.000000000000000000e+00 2.710000000000000000e+02
1.457928427143517971e+09 7.000000000000000000e+00 7.000000000000000000e+00 2.710000000000000000e+02
1.457928487172518969e+09 7.000000000000000000e+00 7.000000000000000000e+00 2.710000000000000000e+02
1.457928547198498964e+09 7.000000000000000000e+00 7.000000000000000000e+00 2.710000000000000000e+02
1.457928607221077919e+09 7.000000000000000000e+00 7.000000000000000000e+00 2.710000000000000000e+02
1.457928667270606041e+09 7.000000000000000000e+00 7.000000000000000000e+00 2.710000000000000000e+02
1.457928727296052933e+09 7.000000000000000000e+00 7.000000000000000000e+00 2.710000000000000000e+02
1.457928787321170092e+09 7.000000000000000000e+00 7.000000000000000000e+00 2.710000000000000000e+02
1.457928847345566988e+09 7.000000000000000000e+00 7.000000000000000000e+00 2.710000000000000000e+02
1.457928907371386051e+09 7.000000000000000000e+00 7.000000000000000000e+00 2.710000000000000000e+02
1.457928967402439117e+09 7.000000000000000000e+00 7.000000000000000000e+00 2.710000000000000000e+02
1.457929027429775953e+09 7.000000000000000000e+00 7.000000000000000000e+00 2.710000000000000000e+02
1.457929087550776005e+09 7.000000000000000000e+00 7.000000000000000000e+00 2.720000000000000000e+02
1.457929147575074911e+09 7.000000000000000000e+00 7.000000000000000000e+00 2.720000000000000000e+02
1.457929207599061012e+09 7.000000000000000000e+00 7.000000000000000000e+00 2.720000000000000000e+02
1.457929267629055023e+09 7.000000000000000000e+00 7.000000000000000000e+00 2.720000000000000000e+02
1.457929327656986952e+09 7.000000000000000000e+00 7.000000000000000000e+00 2.720000000000000000e+02
1.457929387683063984e+09 7.000000000000000000e+00 7.000000000000000000e+00 2.720000000000000000e+02
1.457929447707099915e+09 7.000000000000000000e+00 7.000000000000000000e+00 2.720000000000000000e+02
1.457929507730895996e+09 7.000000000000000000e+00 7.000000000000000000e+00 2.760000000000000000e+02
1.457929567755007982e+09 7.000000000000000000e+00 7.000000000000000000e+00 2.760000000000000000e+02
1.457929627779572964e+09 7.000000000000000000e+00 7.000000000000000000e+00 2.760000000000000000e+02
1.457929687810379028e+09 7.000000000000000000e+00 7.000000000000000000e+00 2.760000000000000000e+02
1.457929747837620974e+09 7.000000000000000000e+00 7.000000000000000000e+00 2.760000000000000000e+02
1.457929807862310886e+09 7.000000000000000000e+00 7.000000000000000000e+00 2.760000000000000000e+02
1.457929867886998892e+09 7.000000000000000000e+00 7.000000000000000000e+00 2.770000000000000000e+02
1.457929927912221909e+09 7.000000000000000000e+00 7.000000000000000000e+00 2.770000000000000000e+02
1.457929987943097115e+09 7.000000000000000000e+00 7.000000000000000000e+00 2.770000000000000000e+02
1.457930047970457077e+09 7.000000000000000000e+00 7.000000000000000000e+00 2.770000000000000000e+02
1.457930107999495029e+09 7.000000000000000000e+00 7.000000000000000000e+00 2.770000000000000000e+02
1.457930168034450054e+09 7.000000000000000000e+00 7.000000000000000000e+00 2.770000000000000000e+02
1.457930228079627991e+09 7.000000000000000000e+00 7.000000000000000000e+00 2.790000000000000000e+02
1.457930288104151011e+09 7.000000000000000000e+00 7.000000000000000000e+00 2.790000000000000000e+02
1.457930348128381014e+09 7.000000000000000000e+00 7.000000000000000000e+00 2.790000000000000000e+02
1.457930408158502102e+09 7.000000000000000000e+00 7.000000000000000000e+00 2.790000000000000000e+02
1.457930468186053991e+09 7.000000000000000000e+00 7.000000000000000000e+00 2.790000000000000000e+02
1.457930528210824966e+09 7.000000000000000000e+00 7.000000000000000000e+00 2.790000000000000000e+02
1.457930588235785961e+09 7.000000000000000000e+00 7.000000000000000000e+00 2.800000000000000000e+02
1.457930648260744095e+09 7.000000000000000000e+00 7.000000000000000000e+00 2.810000000000000000e+02
1.457930708283739090e+09 7.000000000000000000e+00 7.000000000000000000e+00 2.810000000000000000e+02
1.457930768314625025e+09 7.000000000000000000e+00 7.000000000000000000e+00 2.820000000000000000e+02
1.457930828341662884e+09 7.000000000000000000e+00 7.000000000000000000e+00 2.820000000000000000e+02
1.457930888367580891e+09 7.000000000000000000e+00 7.000000000000000000e+00 2.820000000000000000e+02
1.457930948391819954e+09 7.000000000000000000e+00 7.000000000000000000e+00 2.830000000000000000e+02
1.457931008419334888e+09 7.000000000000000000e+00 7.000000000000000000e+00 2.830000000000000000e+02
1.457931068451620102e+09 7.000000000000000000e+00 7.000000000000000000e+00 2.830000000000000000e+02
1.457931128506423950e+09 7.000000000000000000e+00 7.000000000000000000e+00 2.830000000000000000e+02
1.457931188532823086e+09 7.000000000000000000e+00 7.000000000000000000e+00 2.830000000000000000e+02
1.457931248558933973e+09 7.000000000000000000e+00 7.000000000000000000e+00 2.830000000000000000e+02
1.457931308589966059e+09 7.000000000000000000e+00 7.000000000000000000e+00 2.830000000000000000e+02
1.457931368617578030e+09 7.000000000000000000e+00 7.000000000000000000e+00 2.830000000000000000e+02
1.457931428641640902e+09 7.000000000000000000e+00 7.000000000000000000e+00 2.830000000000000000e+02
1.457931488667526007e+09 7.000000000000000000e+00 7.000000000000000000e+00 2.830000000000000000e+02
1.457931548698852062e+09 7.000000000000000000e+00 7.000000000000000000e+00 2.830000000000000000e+02
1.457931608726223946e+09 7.000000000000000000e+00 7.000000000000000000e+00 2.830000000000000000e+02
1.457931668750643015e+09 7.000000000000000000e+00 7.000000000000000000e+00 2.830000000000000000e+02
1.457931728782227993e+09 7.000000000000000000e+00 7.000000000000000000e+00 2.590000000000000000e+02
1.457931788809875965e+09 7.000000000000000000e+00 7.000000000000000000e+00 2.590000000000000000e+02
1.457931848835184097e+09 7.000000000000000000e+00 7.000000000000000000e+00 2.590000000000000000e+02
1.457931908863066912e+09 7.000000000000000000e+00 7.000000000000000000e+00 2.590000000000000000e+02
1.457931968891815901e+09 7.000000000000000000e+00 7.000000000000000000e+00 2.590000000000000000e+02
1.457932028919318914e+09 7.000000000000000000e+00 7.000000000000000000e+00 2.590000000000000000e+02
1.457932088950686932e+09 7.000000000000000000e+00 7.000000000000000000e+00 2.590000000000000000e+02
1.457932148977482080e+09 7.000000000000000000e+00 7.000000000000000000e+00 2.590000000000000000e+02
1.457932209002378941e+09 7.000000000000000000e+00 7.000000000000000000e+00 2.590000000000000000e+02
1.457932269026910067e+09 7.000000000000000000e+00 7.000000000000000000e+00 2.590000000000000000e+02
1.457932329057995081e+09 7.000000000000000000e+00 7.000000000000000000e+00 2.590000000000000000e+02
1.457932389085038900e+09 7.000000000000000000e+00 7.000000000000000000e+00 2.590000000000000000e+02
1.457932449111109018e+09 7.000000000000000000e+00 7.000000000000000000e+00 2.590000000000000000e+02
1.457932509141834021e+09 7.000000000000000000e+00 7.000000000000000000e+00 2.590000000000000000e+02
1.457932569175477028e+09 7.000000000000000000e+00 7.000000000000000000e+00 2.590000000000000000e+02
1.457932629210992098e+09 6.000000000000000000e+00 7.000000000000000000e+00 2.590000000000000000e+02
1.457932689239362001e+09 6.000000000000000000e+00 7.000000000000000000e+00 2.590000000000000000e+02
1.457932749266776085e+09 6.000000000000000000e+00 7.000000000000000000e+00 2.590000000000000000e+02
1.457932809297859907e+09 6.000000000000000000e+00 7.000000000000000000e+00 2.590000000000000000e+02
1.457932869325839996e+09 6.000000000000000000e+00 7.000000000000000000e+00 2.590000000000000000e+02
1.457932929351522923e+09 6.000000000000000000e+00 7.000000000000000000e+00 2.590000000000000000e+02
1.457932989381751060e+09 6.000000000000000000e+00 7.000000000000000000e+00 2.590000000000000000e+02
1.457933049408133984e+09 5.000000000000000000e+00 7.000000000000000000e+00 2.590000000000000000e+02
1.457933109434518099e+09 5.000000000000000000e+00 7.000000000000000000e+00 2.590000000000000000e+02
1.457933169466356039e+09 5.000000000000000000e+00 7.000000000000000000e+00 2.590000000000000000e+02
1.457933229492014885e+09 5.000000000000000000e+00 7.000000000000000000e+00 2.590000000000000000e+02
1.457933289517705917e+09 8.000000000000000000e+00 1.000000000000000000e+01 2.590000000000000000e+02
1.457933349589056015e+09 7.600000000000000000e+01 7.800000000000000000e+01 2.590000000000000000e+02
1.457933409612871885e+09 6.700000000000000000e+01 7.800000000000000000e+01 2.600000000000000000e+02
1.457933469638964891e+09 6.700000000000000000e+01 7.800000000000000000e+01 2.630000000000000000e+02
1.457933529662003994e+09 6.400000000000000000e+01 7.800000000000000000e+01 2.630000000000000000e+02
1.457933589688441038e+09 6.100000000000000000e+01 7.800000000000000000e+01 2.630000000000000000e+02
1.457933649718271971e+09 6.100000000000000000e+01 7.800000000000000000e+01 2.630000000000000000e+02
1.457933709747431040e+09 6.100000000000000000e+01 7.800000000000000000e+01 2.630000000000000000e+02
1.457937076522675991e+09 6.000000000000000000e+01 7.800000000000000000e+01 2.630000000000000000e+02
1.457937137461184978e+09 6.400000000000000000e+01 8.000000000000000000e+01 2.710000000000000000e+02
1.457937197487796068e+09 3.100000000000000000e+01 8.000000000000000000e+01 2.710000000000000000e+02
1.457937257514349937e+09 1.400000000000000000e+01 8.000000000000000000e+01 2.710000000000000000e+02
1.457937317546150923e+09 1.000000000000000000e+01 8.000000000000000000e+01 2.710000000000000000e+02
1.457937377574830055e+09 1.000000000000000000e+01 8.000000000000000000e+01 2.710000000000000000e+02
1.457937437600497007e+09 1.000000000000000000e+01 8.000000000000000000e+01 2.710000000000000000e+02
1.457937497636476994e+09 1.000000000000000000e+01 8.000000000000000000e+01 2.710000000000000000e+02
1.457937557665410995e+09 1.000000000000000000e+01 8.000000000000000000e+01 2.710000000000000000e+02
1.457937617697670937e+09 1.000000000000000000e+01 8.000000000000000000e+01 2.710000000000000000e+02
1.457937677725845098e+09 1.000000000000000000e+01 8.000000000000000000e+01 2.710000000000000000e+02
1.457937737753943920e+09 1.000000000000000000e+01 8.000000000000000000e+01 2.710000000000000000e+02
1.457937797779578924e+09 1.000000000000000000e+01 8.000000000000000000e+01 2.710000000000000000e+02
1.457937857805314064e+09 1.000000000000000000e+01 8.000000000000000000e+01 2.710000000000000000e+02
1.457937917834249020e+09 1.000000000000000000e+01 8.000000000000000000e+01 2.710000000000000000e+02
1.457937977862668991e+09 1.000000000000000000e+01 8.000000000000000000e+01 2.710000000000000000e+02
1.457938037889729977e+09 1.000000000000000000e+01 8.000000000000000000e+01 2.710000000000000000e+02
1.457938097920293093e+09 1.000000000000000000e+01 8.000000000000000000e+01 2.710000000000000000e+02
