1.457895739148273945e+09 0.000000000000000000e+00 0.000000000000000000e+00 1.100000000000000000e+01
1.457895799168936014e+09 2.000000000000000000e+01 2.000000000000000000e+01 4.600000000000000000e+01
1.457895859188879967e+09 2.100000000000000000e+01 2.400000000000000000e+01 4.700000000000000000e+01
1.457895919211568117e+09 2.000000000000000000e+01 2.400000000000000000e+01 4.700000000000000000e+01
1.457895979276885986e+09 1.900000000000000000e+01 1.900000000000000000e+01 4.400000000000000000e+01
1.457896039295115948e+09 2.300000000000000000e+01 2.400000000000000000e+01 5.200000000000000000e+01
1.457896131412723064e+09 0.000000000000000000e+00 0.000000000000000000e+00 1.200000000000000000e+01
1.457896191429419994e+09 0.000000000000000000e+00 0.000000000000000000e+00 4.200000000000000000e+01
1.457896251450243950e+09 2.300000000000000000e+01 2.400000000000000000e+01 5.600000000000000000e+01
1.457896311471506119e+09 2.100000000000000000e+01 2.400000000000000000e+01 5.600000000000000000e+01
1.457896371497785091e+09 2.100000000000000000e+01 2.400000000000000000e+01 5.600000000000000000e+01
1.457896431519427061e+09 1.800000000000000000e+01 1.800000000000000000e+01 5.300000000000000000e+01
1.457896491538098097e+09 2.200000000000000000e+01 2.200000000000000000e+01 6.600000000000000000e+01
1.457896551560866117e+09 2.000000000000000000e+01 2.200000000000000000e+01 6.600000000000000000e+01
1.457896611583323956e+09 2.000000000000000000e+01 2.200000000000000000e+01 6.600000000000000000e+01
1.457896671607733011e+09 2.000000000000000000e+01 2.200000000000000000e+01 6.600000000000000000e+01
1.457896731632047892e+09 2.000000000000000000e+01 2.200000000000000000e+01 6.600000000000000000e+01
1.457896791655384064e+09 2.000000000000000000e+01 2.200000000000000000e+01 6.600000000000000000e+01
1.457896851679075003e+09 2.000000000000000000e+01 2.200000000000000000e+01 6.600000000000000000e+01
1.457896911702497959e+09 2.000000000000000000e+01 2.200000000000000000e+01 6.600000000000000000e+01
1.457896971724347115e+09 2.000000000000000000e+01 2.200000000000000000e+01 6.600000000000000000e+01
1.457897031744080067e+09 2.000000000000000000e+01 2.200000000000000000e+01 6.600000000000000000e+01
1.457897091764337063e+09 2.000000000000000000e+01 2.200000000000000000e+01 6.600000000000000000e+01
1.457897151787332058e+09 1.800000000000000000e+01 2.200000000000000000e+01 6.600000000000000000e+01
1.457897211810278893e+09 1.800000000000000000e+01 2.200000000000000000e+01 6.600000000000000000e+01
1.457897271834717035e+09 1.800000000000000000e+01 2.200000000000000000e+01 6.600000000000000000e+01
1.457897331858372927e+09 1.700000000000000000e+01 2.200000000000000000e+01 6.600000000000000000e+01
1.457897391882751942e+09 1.700000000000000000e+01 2.200000000000000000e+01 6.600000000000000000e+01
1.457897451906796932e+09 1.700000000000000000e+01 2.200000000000000000e+01 6.600000000000000000e+01
1.457897511929311991e+09 1.700000000000000000e+01 2.200000000000000000e+01 6.600000000000000000e+01
1.457897571952928066e+09 1.600000000000000000e+01 2.200000000000000000e+01 6.600000000000000000e+01
1.457897631971265078e+09 1.600000000000000000e+01 2.200000000000000000e+01 6.800000000000000000e+01
1.457897691990045071e+09 1.600000000000000000e+01 2.200000000000000000e+01 6.800000000000000000e+01
1.457897752009264946e+09 1.600000000000000000e+01 2.200000000000000000e+01 6.800000000000000000e+01
1.457897812029732943e+09 1.600000000000000000e+01 2.200000000000000000e+01 6.800000000000000000e+01
1.457897872052512884e+09 1.600000000000000000e+01 2.200000000000000000e+01 6.800000000000000000e+01
1.457897932072387934e+09 1.600000000000000000e+01 2.200000000000000000e+01 6.800000000000000000e+01
1.457897992097417116e+09 1.600000000000000000e+01 2.200000000000000000e+01 6.800000000000000000e+01
1.457898052122581959e+09 1.600000000000000000e+01 2.200000000000000000e+01 6.900000000000000000e+01
1.457898112147027016e+09 1.600000000000000000e+01 2.200000000000000000e+01 6.900000000000000000e+01
1.457898172172071934e+09 1.600000000000000000e+01 2.200000000000000000e+01 6.900000000000000000e+01
1.457898232196840048e+09 1.600000000000000000e+01 2.200000000000000000e+01 6.900000000000000000e+01
1.457898292221314907e+09 1.600000000000000000e+01 2.200000000000000000e+01 6.900000000000000000e+01
1.457898352243571043e+09 1.600000000000000000e+01 2.200000000000000000e+01 6.900000000000000000e+01
1.457898412267154932e+09 1.600000000000000000e+01 2.200000000000000000e+01 6.900000000000000000e+01
1.457898472289424896e+09 1.600000000000000000e+01 2.200000000000000000e+01 7.000000000000000000e+01
1.457898532314871073e+09 1.600000000000000000e+01 2.200000000000000000e+01 7.000000000000000000e+01
1.457898592339740992e+09 1.600000000000000000e+01 2.200000000000000000e+01 7.000000000000000000e+01
1.457898652363959074e+09 1.600000000000000000e+01 2.200000000000000000e+01 7.000000000000000000e+01
1.457898712436192989e+09 1.600000000000000000e+01 2.200000000000000000e+01 7.000000000000000000e+01
1.457898772456950903e+09 1.600000000000000000e+01 2.200000000000000000e+01 7.000000000000000000e+01
1.457898832481949091e+09 1.600000000000000000e+01 2.200000000000000000e+01 7.000000000000000000e+01
1.457898892506419897e+09 1.600000000000000000e+01 2.200000000000000000e+01 7.000000000000000000e+01
1.457898952529817104e+09 1.600000000000000000e+01 2.200000000000000000e+01 7.200000000000000000e+01
1.457899012556742907e+09 1.600000000000000000e+01 2.200000000000000000e+01 7.200000000000000000e+01
1.457899072586323023e+09 1.600000000000000000e+01 2.200000000000000000e+01 7.200000000000000000e+01
1.457899132615453959e+09 1.600000000000000000e+01 2.200000000000000000e+01 7.200000000000000000e+01
1.457899192639343023e+09 1.500000000000000000e+01 2.200000000000000000e+01 7.200000000000000000e+01
1.457899252757828951e+09 1.500000000000000000e+01 2.200000000000000000e+01 7.200000000000000000e+01
1.457899312781472921e+09 1.500000000000000000e+01 2.200000000000000000e+01 7.200000000000000000e+01
1.457899372806431055e+09 1.500000000000000000e+01 2.200000000000000000e+01 7.200000000000000000e+01
1.457899432831456900e+09 1.500000000000000000e+01 2.200000000000000000e+01 7.200000000000000000e+01
1.457899492849936008e+09 1.500000000000000000e+01 2.200000000000000000e+01 7.200000000000000000e+01
1.457899552876379013e+09 1.500000000000000000e+01 2.200000000000000000e+01 7.200000000000000000e+01
1.457899612896766901e+09 1.500000000000000000e+01 2.200000000000000000e+01 7.200000000000000000e+01
1.457899672923283100e+09 1.500000000000000000e+01 2.200000000000000000e+01 7.200000000000000000e+01
1.457899732941786051e+09 1.500000000000000000e+01 2.200000000000000000e+01 7.200000000000000000e+01
1.457899792963499069e+09 1.500000000000000000e+01 2.200000000000000000e+01 7.200000000000000000e+01
1.457899852988954067e+09 1.500000000000000000e+01 2.200000000000000000e+01 7.200000000000000000e+01
1.457899913013207912e+09 1.500000000000000000e+01 2.200000000000000000e+01 7.200000000000000000e+01
1.457899973035557032e+09 1.500000000000000000e+01 2.200000000000000000e+01 7.200000000000000000e+01
1.457900033060420990e+09 1.500000000000000000e+01 2.200000000000000000e+01 7.200000000000000000e+01
1.457900093082667112e+09 1.500000000000000000e+01 2.200000000000000000e+01 7.200000000000000000e+01
1.457900153105289936e+09 1.500000000000000000e+01 2.200000000000000000e+01 7.200000000000000000e+01
1.457900213130203009e+09 1.500000000000000000e+01 2.200000000000000000e+01 7.200000000000000000e+01
1.457900273154196024e+09 1.500000000000000000e+01 2.200000000000000000e+01 7.200000000000000000e+01
1.457900333179923058e+09 1.500000000000000000e+01 2.200000000000000000e+01 7.600000000000000000e+01
1.457900393205605984e+09 1.500000000000000000e+01 2.200000000000000000e+01 7.600000000000000000e+01
1.457900453229681969e+09 1.500000000000000000e+01 2.200000000000000000e+01 7.600000000000000000e+01
1.457900513252826929e+09 1.500000000000000000e+01 2.200000000000000000e+01 7.600000000000000000e+01
1.457900573277858973e+09 1.500000000000000000e+01 2.200000000000000000e+01 7.600000000000000000e+01
1.457900633302444935e+09 1.500000000000000000e+01 2.200000000000000000e+01 7.600000000000000000e+01
1.457900693325925112e+09 1.500000000000000000e+01 2.200000000000000000e+01 7.600000000000000000e+01
1.457900753349539042e+09 1.600000000000000000e+01 2.300000000000000000e+01 7.600000000000000000e+01
1.457900813380017996e+09 1.600000000000000000e+01 2.300000000000000000e+01 7.600000000000000000e+01
1.457900873408060074e+09 1.600000000000000000e+01 2.300000000000000000e+01 7.600000000000000000e+01
1.457900933433016062e+09 1.600000000000000000e+01 2.300000000000000000e+01 7.600000000000000000e+01
1.457900993457576036e+09 1.600000000000000000e+01 2.300000000000000000e+01 7.600000000000000000e+01
1.457901053480811119e+09 1.600000000000000000e+01 2.300000000000000000e+01 7.600000000000000000e+01
1.457901113505055904e+09 1.500000000000000000e+01 2.300000000000000000e+01 7.600000000000000000e+01
1.457901173531497955e+09 1.500000000000000000e+01 2.300000000000000000e+01 7.600000000000000000e+01
1.457901233554919958e+09 1.500000000000000000e+01 2.300000000000000000e+01 7.600000000000000000e+01
1.457901293578201056e+09 1.500000000000000000e+01 2.300000000000000000e+01 7.600000000000000000e+01
1.457901353602271080e+09 1.500000000000000000e+01 2.300000000000000000e+01 7.600000000000000000e+01
1.457901413625490904e+09 1.500000000000000000e+01 2.300000000000000000e+01 7.600000000000000000e+01
1.457901473648096085e+09 1.500000000000000000e+01 2.300000000000000000e+01 7.600000000000000000e+01
1.457901533673082113e+09 1.500000000000000000e+01 2.300000000000000000e+01 7.600000000000000000e+01
1.457901593696238995e+09 1.500000000000000000e+01 2.300000000000000000e+01 7.600000000000000000e+01
1.457901653979250908e+09 1.500000000000000000e+01 2.300000000000000000e+01 7.600000000000000000e+01
1.457901713999763012e+09 1.500000000000000000e+01 1.500000000000000000e+01 7.600000000000000000e+01
1.457901774022283077e+09 1.500000000000000000e+01 1.500000000000000000e+01 7.600000000000000000e+01
1.457901834044639111e+09 1.500000000000000000e+01 1.500000000000000000e+01 7.600000000000000000e+01
1.457901894095448971e+09 1.500000000000000000e+01 1.500000000000000000e+01 7.600000000000000000e+01
1.457901954117583036e+09 1.500000000000000000e+01 1.500000000000000000e+01 7.600000000000000000e+01
1.457902014149571896e+09 1.500000000000000000e+01 1.500000000000000000e+01 7.600000000000000000e+01
1.457902074169935942e+09 1.400000000000000000e+01 1.500000000000000000e+01 7.600000000000000000e+01
1.457902134192740917e+09 1.400000000000000000e+01 1.500000000000000000e+01 7.600000000000000000e+01
1.457902194297061920e+09 1.400000000000000000e+01 1.500000000000000000e+01 7.600000000000000000e+01
1.457902254321199894e+09 1.400000000000000000e+01 1.500000000000000000e+01 7.600000000000000000e+01
1.457902314342431068e+09 1.400000000000000000e+01 1.500000000000000000e+01 7.600000000000000000e+01
1.457902374367909908e+09 1.400000000000000000e+01 1.500000000000000000e+01 7.600000000000000000e+01
1.457902434391108036e+09 1.400000000000000000e+01 1.500000000000000000e+01 7.600000000000000000e+01
1.457902494412770033e+09 1.400000000000000000e+01 1.500000000000000000e+01 7.600000000000000000e+01
1.457902554434530973e+09 1.400000000000000000e+01 1.500000000000000000e+01 7.600000000000000000e+01
1.457902614455476999e+09 1.400000000000000000e+01 1.500000000000000000e+01 7.600000000000000000e+01
1.457902674478143930e+09 1.400000000000000000e+01 1.500000000000000000e+01 7.600000000000000000e+01
1.457902734501199961e+09 1.400000000000000000e+01 1.500000000000000000e+01 7.600000000000000000e+01
1.457902794580219030e+09 1.400000000000000000e+01 1.500000000000000000e+01 7.600000000000000000e+01
1.457902854603128910e+09 1.400000000000000000e+01 1.500000000000000000e+01 7.600000000000000000e+01
1.457902914623925924e+09 1.400000000000000000e+01 1.500000000000000000e+01 7.600000000000000000e+01
1.457902974646378994e+09 1.400000000000000000e+01 1.500000000000000000e+01 7.600000000000000000e+01
1.457903034668661118e+09 1.400000000000000000e+01 1.500000000000000000e+01 7.600000000000000000e+01
1.457903094692452908e+09 1.400000000000000000e+01 1.500000000000000000e+01 7.600000000000000000e+01
1.457903154716682911e+09 1.300000000000000000e+01 1.500000000000000000e+01 7.600000000000000000e+01
1.457903214741501093e+09 1.300000000000000000e+01 1.500000000000000000e+01 7.600000000000000000e+01
1.457903274765383959e+09 1.300000000000000000e+01 1.500000000000000000e+01 7.600000000000000000e+01
1.457903334797451019e+09 1.300000000000000000e+01 1.500000000000000000e+01 7.600000000000000000e+01
1.457903394822221041e+09 1.300000000000000000e+01 1.500000000000000000e+01 7.600000000000000000e+01
1.457903454847529888e+09 1.300000000000000000e+01 1.500000000000000000e+01 7.600000000000000000e+01
1.457903514870685101e+09 1.300000000000000000e+01 1.500000000000000000e+01 7.600000000000000000e+01
1.457903574893990993e+09 1.300000000000000000e+01 1.500000000000000000e+01 7.600000000000000000e+01
1.457903635049360991e+09 1.300000000000000000e+01 1.500000000000000000e+01 7.600000000000000000e+01
1.457903695077436924e+09 1.300000000000000000e+01 1.500000000000000000e+01 7.600000000000000000e+01
1.457903755103604078e+09 1.300000000000000000e+01 1.500000000000000000e+01 7.600000000000000000e+01
1.457903815128482103e+09 1.300000000000000000e+01 1.500000000000000000e+01 7.700000000000000000e+01
1.457903875155450106e+09 1.300000000000000000e+01 1.500000000000000000e+01 7.700000000000000000e+01
1.457903935182821035e+09 1.300000000000000000e+01 1.500000000000000000e+01 7.700000000000000000e+01
1.457903995202325106e+09 1.300000000000000000e+01 1.500000000000000000e+01 7.700000000000000000e+01
1.457904055226787090e+09 1.300000000000000000e+01 1.500000000000000000e+01 7.700000000000000000e+01
1.457904115249799967e+09 1.300000000000000000e+01 1.500000000000000000e+01 7.700000000000000000e+01
1.457904175278947115e+09 1.300000000000000000e+01 1.500000000000000000e+01 7.700000000000000000e+01
1.457904235302067995e+09 1.300000000000000000e+01 1.500000000000000000e+01 7.700000000000000000e+01
1.457904295326687098e+09 1.300000000000000000e+01 1.500000000000000000e+01 8.000000000000000000e+01
1.457904355355372906e+09 1.300000000000000000e+01 1.500000000000000000e+01 8.000000000000000000e+01
1.457904415377489090e+09 1.300000000000000000e+01 1.500000000000000000e+01 8.000000000000000000e+01
1.457904475401623011e+09 1.300000000000000000e+01 1.500000000000000000e+01 8.000000000000000000e+01
1.457904535424892902e+09 1.300000000000000000e+01 1.500000000000000000e+01 8.000000000000000000e+01
1.457904595449413061e+09 1.300000000000000000e+01 1.500000000000000000e+01 8.000000000000000000e+01
1.457904655473577023e+09 1.300000000000000000e+01 1.500000000000000000e+01 8.100000000000000000e+01
1.457904715497725010e+09 1.300000000000000000e+01 1.500000000000000000e+01 8.100000000000000000e+01
1.457904775519701958e+09 1.300000000000000000e+01 1.500000000000000000e+01 8.100000000000000000e+01
1.457904835546545029e+09 1.300000000000000000e+01 1.500000000000000000e+01 8.100000000000000000e+01
1.457904895570192099e+09 1.300000000000000000e+01 1.500000000000000000e+01 8.100000000000000000e+01
1.457904955594575882e+09 1.300000000000000000e+01 1.500000000000000000e+01 8.100000000000000000e+01
1.457905015613904953e+09 1.300000000000000000e+01 1.500000000000000000e+01 8.100000000000000000e+01
1.457905075639971018e+09 1.300000000000000000e+01 1.500000000000000000e+01 8.100000000000000000e+01
1.457905135754044056e+09 1.300000000000000000e+01 1.500000000000000000e+01 8.100000000000000000e+01
1.457905195780097008e+09 1.300000000000000000e+01 1.500000000000000000e+01 8.100000000000000000e+01
1.457905255807378054e+09 1.300000000000000000e+01 1.500000000000000000e+01 8.100000000000000000e+01
1.457905315829536915e+09 1.300000000000000000e+01 1.500000000000000000e+01 8.100000000000000000e+01
1.457905375852773905e+09 1.300000000000000000e+01 1.500000000000000000e+01 8.100000000000000000e+01
1.457905435882791042e+09 1.300000000000000000e+01 1.500000000000000000e+01 8.100000000000000000e+01
1.457905495911643028e+09 1.300000000000000000e+01 1.500000000000000000e+01 8.100000000000000000e+01
1.457905555939184904e+09 1.300000000000000000e+01 1.500000000000000000e+01 8.100000000000000000e+01
1.457905615967916965e+09 1.300000000000000000e+01 1.500000000000000000e+01 8.100000000000000000e+01
1.457905675994405031e+09 1.300000000000000000e+01 1.500000000000000000e+01 8.100000000000000000e+01
1.457905736019576073e+09 1.300000000000000000e+01 1.500000000000000000e+01 8.100000000000000000e+01
1.457905796041980028e+09 1.300000000000000000e+01 1.500000000000000000e+01 8.100000000000000000e+01
1.457905856158539057e+09 1.300000000000000000e+01 1.500000000000000000e+01 8.100000000000000000e+01
1.457905916185211897e+09 1.300000000000000000e+01 1.500000000000000000e+01 8.100000000000000000e+01
1.457905976211162090e+09 1.300000000000000000e+01 1.500000000000000000e+01 8.200000000000000000e+01
1.457906036237529039e+09 1.300000000000000000e+01 1.500000000000000000e+01 8.200000000000000000e+01
1.457906096265674114e+09 1.300000000000000000e+01 1.500000000000000000e+01 8.200000000000000000e+01
1.457906156294174910e+09 1.300000000000000000e+01 1.500000000000000000e+01 8.200000000000000000e+01
1.457906216315860033e+09 1.300000000000000000e+01 1.500000000000000000e+01 8.200000000000000000e+01
1.457906276343990088e+09 1.300000000000000000e+01 1.500000000000000000e+01 8.200000000000000000e+01
1.457906336368563890e+09 1.300000000000000000e+01 1.500000000000000000e+01 8.300000000000000000e+01
1.457906396393709898e+09 1.200000000000000000e+01 1.500000000000000000e+01 8.300000000000000000e+01
1.457906456445671082e+09 1.200000000000000000e+01 1.500000000000000000e+01 8.300000000000000000e+01
1.457906516475466013e+09 1.200000000000000000e+01 1.500000000000000000e+01 8.300000000000000000e+01
1.457906576499768972e+09 1.200000000000000000e+01 1.500000000000000000e+01 8.300000000000000000e+01
1.457906636524384975e+09 1.200000000000000000e+01 1.500000000000000000e+01 8.300000000000000000e+01
1.457906696554704905e+09 1.200000000000000000e+01 1.500000000000000000e+01 8.300000000000000000e+01
1.457906756579477072e+09 1.200000000000000000e+01 1.500000000000000000e+01 8.300000000000000000e+01
1.457906816606460094e+09 1.200000000000000000e+01 1.500000000000000000e+01 8.400000000000000000e+01
1.457906876629201889e+09 1.200000000000000000e+01 1.500000000000000000e+01 8.500000000000000000e+01
1.457906936655435085e+09 1.200000000000000000e+01 1.500000000000000000e+01 8.500000000000000000e+01
1.457906996683934927e+09 1.200000000000000000e+01 1.500000000000000000e+01 8.500000000000000000e+01
1.457907056712882996e+09 1.200000000000000000e+01 1.500000000000000000e+01 8.500000000000000000e+01
1.457907116740863085e+09 1.200000000000000000e+01 1.500000000000000000e+01 8.500000000000000000e+01
1.457907176770344019e+09 1.200000000000000000e+01 1.500000000000000000e+01 8.500000000000000000e+01
1.457907236796345949e+09 1.200000000000000000e+01 1.500000000000000000e+01 8.500000000000000000e+01
1.457907296822491884e+09 1.200000000000000000e+01 1.500000000000000000e+01 8.500000000000000000e+01
1.457907356844810963e+09 1.200000000000000000e+01 1.500000000000000000e+01 8.500000000000000000e+01
1.457907416870712996e+09 1.200000000000000000e+01 1.500000000000000000e+01 8.500000000000000000e+01
1.457907476895838976e+09 1.200000000000000000e+01 1.500000000000000000e+01 8.500000000000000000e+01
1.457907536920401096e+09 1.100000000000000000e+01 1.500000000000000000e+01 8.500000000000000000e+01
1.457907596946674109e+09 1.100000000000000000e+01 1.500000000000000000e+01 8.500000000000000000e+01
1.457907656973515034e+09 1.100000000000000000e+01 1.500000000000000000e+01 8.500000000000000000e+01
1.457907717001211882e+09 1.800000000000000000e+01 1.800000000000000000e+01 8.600000000000000000e+01
1.457907777026930094e+09 1.800000000000000000e+01 1.800000000000000000e+01 8.600000000000000000e+01
1.457907837052064896e+09 1.700000000000000000e+01 1.800000000000000000e+01 8.600000000000000000e+01
1.457907897076340914e+09 1.700000000000000000e+01 1.800000000000000000e+01 8.600000000000000000e+01
1.457907957100610018e+09 1.700000000000000000e+01 1.800000000000000000e+01 8.600000000000000000e+01
1.457908017124294043e+09 1.700000000000000000e+01 1.800000000000000000e+01 8.600000000000000000e+01
1.457908077148412943e+09 1.700000000000000000e+01 1.800000000000000000e+01 8.600000000000000000e+01
1.457908137178853989e+09 1.600000000000000000e+01 1.800000000000000000e+01 8.600000000000000000e+01
1.457908197205248117e+09 1.600000000000000000e+01 1.800000000000000000e+01 8.600000000000000000e+01
1.457908257233558893e+09 1.600000000000000000e+01 1.800000000000000000e+01 8.600000000000000000e+01
1.457908317262404919e+09 1.600000000000000000e+01 1.800000000000000000e+01 8.600000000000000000e+01
1.457908377295483112e+09 1.600000000000000000e+01 1.800000000000000000e+01 8.600000000000000000e+01
1.457908437324249983e+09 1.600000000000000000e+01 1.800000000000000000e+01 8.600000000000000000e+01
1.457908497350677967e+09 1.600000000000000000e+01 1.800000000000000000e+01 8.600000000000000000e+01
1.457908557374982119e+09 1.600000000000000000e+01 1.800000000000000000e+01 8.600000000000000000e+01
1.457908617399383068e+09 1.600000000000000000e+01 1.800000000000000000e+01 8.600000000000000000e+01
1.457908677423245907e+09 1.600000000000000000e+01 1.800000000000000000e+01 8.600000000000000000e+01
1.457908737449270964e+09 1.600000000000000000e+01 1.800000000000000000e+01 8.700000000000000000e+01
1.457908797478286982e+09 1.600000000000000000e+01 1.800000000000000000e+01 8.700000000000000000e+01
1.457908857504801989e+09 1.600000000000000000e+01 1.800000000000000000e+01 8.700000000000000000e+01
1.457908917530093908e+09 1.500000000000000000e+01 1.800000000000000000e+01 8.700000000000000000e+01
1.457908977554821968e+09 1.500000000000000000e+01 1.800000000000000000e+01 8.700000000000000000e+01
1.457909037580804110e+09 1.500000000000000000e+01 1.800000000000000000e+01 8.700000000000000000e+01
1.457909097604028940e+09 1.500000000000000000e+01 1.800000000000000000e+01 8.700000000000000000e+01
1.457909157628849983e+09 1.500000000000000000e+01 1.800000000000000000e+01 8.700000000000000000e+01
1.457909217659528971e+09 1.500000000000000000e+01 1.800000000000000000e+01 8.700000000000000000e+01
1.457909277685837984e+09 1.500000000000000000e+01 1.800000000000000000e+01 8.700000000000000000e+01
1.457909337715158939e+09 1.500000000000000000e+01 1.800000000000000000e+01 8.700000000000000000e+01
1.457909397744535923e+09 1.500000000000000000e+01 1.800000000000000000e+01 8.700000000000000000e+01
1.457909457771045923e+09 1.500000000000000000e+01 1.800000000000000000e+01 8.900000000000000000e+01
1.457909517796334982e+09 1.500000000000000000e+01 1.800000000000000000e+01 8.900000000000000000e+01
1.457909577820240021e+09 1.500000000000000000e+01 1.800000000000000000e+01 8.900000000000000000e+01
1.457909637844469070e+09 1.500000000000000000e+01 1.800000000000000000e+01 8.900000000000000000e+01
1.457909697868575096e+09 1.500000000000000000e+01 1.800000000000000000e+01 8.900000000000000000e+01
1.457909757892565966e+09 1.500000000000000000e+01 1.800000000000000000e+01 8.900000000000000000e+01
1.457909817923477888e+09 1.400000000000000000e+01 1.800000000000000000e+01 8.900000000000000000e+01
1.457909877949656010e+09 1.400000000000000000e+01 1.800000000000000000e+01 8.900000000000000000e+01
1.457909937975416899e+09 1.400000000000000000e+01 1.800000000000000000e+01 8.900000000000000000e+01
1.457909998000749111e+09 1.400000000000000000e+01 1.800000000000000000e+01 8.900000000000000000e+01
1.457910058031620026e+09 1.400000000000000000e+01 1.800000000000000000e+01 8.900000000000000000e+01
1.457910118058928967e+09 1.400000000000000000e+01 1.800000000000000000e+01 8.900000000000000000e+01
1.457910178083821058e+09 1.400000000000000000e+01 1.800000000000000000e+01 8.900000000000000000e+01
1.457910238108927011e+09 1.300000000000000000e+01 1.800000000000000000e+01 8.900000000000000000e+01
1.457910298132668018e+09 1.300000000000000000e+01 1.800000000000000000e+01 8.900000000000000000e+01
1.457910358156661034e+09 1.300000000000000000e+01 1.800000000000000000e+01 8.900000000000000000e+01
1.457910418181041956e+09 1.300000000000000000e+01 1.800000000000000000e+01 8.900000000000000000e+01
1.457910478211400032e+09 1.200000000000000000e+01 1.800000000000000000e+01 8.900000000000000000e+01
1.457910538238936901e+09 1.200000000000000000e+01 1.800000000000000000e+01 8.900000000000000000e+01
1.457910598264683962e+09 1.200000000000000000e+01 1.800000000000000000e+01 9.000000000000000000e+01
1.457910658288842916e+09 1.200000000000000000e+01 1.800000000000000000e+01 9.000000000000000000e+01
1.457910718312822104e+09 1.200000000000000000e+01 1.800000000000000000e+01 9.000000000000000000e+01
1.457910778343616962e+09 1.200000000000000000e+01 1.800000000000000000e+01 9.000000000000000000e+01
1.457910838371040106e+09 1.200000000000000000e+01 1.800000000000000000e+01 9.000000000000000000e+01
1.457910898396287918e+09 1.200000000000000000e+01 1.800000000000000000e+01 9.000000000000000000e+01
1.457910958423834085e+09 1.200000000000000000e+01 1.800000000000000000e+01 9.000000000000000000e+01
1.457911018453016996e+09 1.200000000000000000e+01 1.800000000000000000e+01 9.000000000000000000e+01
1.457911078479424953e+09 1.200000000000000000e+01 1.800000000000000000e+01 9.000000000000000000e+01
1.457911138504446983e+09 1.200000000000000000e+01 1.800000000000000000e+01 9.000000000000000000e+01
1.457911198528825045e+09 1.200000000000000000e+01 1.800000000000000000e+01 9.000000000000000000e+01
1.457911258559369087e+09 1.200000000000000000e+01 1.800000000000000000e+01 9.000000000000000000e+01
1.457911318586600065e+09 1.200000000000000000e+01 1.800000000000000000e+01 9.000000000000000000e+01
1.457911378612230062e+09 1.200000000000000000e+01 1.800000000000000000e+01 9.000000000000000000e+01
1.457911438637130022e+09 1.200000000000000000e+01 1.800000000000000000e+01 9.000000000000000000e+01
1.457911498666047096e+09 1.100000000000000000e+01 1.800000000000000000e+01 9.000000000000000000e+01
1.457911558694026947e+09 1.100000000000000000e+01 1.800000000000000000e+01 9.000000000000000000e+01
1.457911618719968081e+09 1.100000000000000000e+01 1.800000000000000000e+01 9.000000000000000000e+01
1.457911678744721889e+09 1.100000000000000000e+01 1.800000000000000000e+01 9.000000000000000000e+01
1.457911738920782089e+09 1.100000000000000000e+01 1.300000000000000000e+01 8.400000000000000000e+01
1.457911798946856022e+09 1.100000000000000000e+01 1.300000000000000000e+01 8.400000000000000000e+01
1.457911858971302032e+09 1.100000000000000000e+01 1.300000000000000000e+01 8.400000000000000000e+01
1.457911918996031046e+09 1.100000000000000000e+01 1.300000000000000000e+01 8.400000000000000000e+01
1.457911979020314932e+09 1.100000000000000000e+01 1.300000000000000000e+01 8.400000000000000000e+01
1.457912039044734955e+09 1.100000000000000000e+01 1.300000000000000000e+01 8.400000000000000000e+01
1.457912099069341898e+09 1.100000000000000000e+01 1.300000000000000000e+01 8.400000000000000000e+01
1.457912159099649906e+09 1.100000000000000000e+01 1.300000000000000000e+01 8.400000000000000000e+01
1.457912219126297951e+09 1.100000000000000000e+01 1.300000000000000000e+01 8.400000000000000000e+01
1.457912279151268005e+09 1.100000000000000000e+01 1.300000000000000000e+01 8.400000000000000000e+01
1.457912339176002026e+09 1.100000000000000000e+01 1.300000000000000000e+01 8.400000000000000000e+01
1.457912399205687046e+09 1.000000000000000000e+01 1.300000000000000000e+01 8.400000000000000000e+01
1.457912459235470057e+09 1.000000000000000000e+01 1.300000000000000000e+01 8.400000000000000000e+01
1.457912519295248985e+09 1.000000000000000000e+01 1.300000000000000000e+01 8.400000000000000000e+01
1.457912579319930077e+09 1.000000000000000000e+01 1.300000000000000000e+01 8.400000000000000000e+01
1.457912639343959093e+09 1.000000000000000000e+01 1.300000000000000000e+01 8.600000000000000000e+01
1.457912699368464947e+09 1.000000000000000000e+01 1.300000000000000000e+01 8.600000000000000000e+01
1.457912759391280890e+09 1.000000000000000000e+01 1.300000000000000000e+01 8.600000000000000000e+01
1.457912819416951895e+09 1.000000000000000000e+01 1.300000000000000000e+01 8.600000000000000000e+01
1.457912879447007895e+09 1.000000000000000000e+01 1.300000000000000000e+01 8.600000000000000000e+01
1.457912939474034071e+09 1.000000000000000000e+01 1.300000000000000000e+01 8.600000000000000000e+01
1.457912999499130964e+09 1.000000000000000000e+01 1.300000000000000000e+01 8.600000000000000000e+01
1.457913059524616957e+09 1.000000000000000000e+01 1.300000000000000000e+01 8.600000000000000000e+01
1.457913119555219889e+09 1.000000000000000000e+01 1.300000000000000000e+01 8.600000000000000000e+01
1.457913179583096981e+09 1.000000000000000000e+01 1.300000000000000000e+01 8.600000000000000000e+01
1.457913239608539104e+09 1.000000000000000000e+01 1.300000000000000000e+01 8.600000000000000000e+01
1.457913299632486105e+09 1.000000000000000000e+01 1.300000000000000000e+01 8.600000000000000000e+01
1.457913359656359911e+09 1.000000000000000000e+01 1.300000000000000000e+01 8.600000000000000000e+01
1.457913419681085110e+09 1.000000000000000000e+01 1.300000000000000000e+01 8.600000000000000000e+01
1.457913479710989952e+09 1.000000000000000000e+01 1.300000000000000000e+01 8.600000000000000000e+01
1.457913539737744093e+09 1.000000000000000000e+01 1.300000000000000000e+01 8.600000000000000000e+01
1.457913599763606071e+09 1.000000000000000000e+01 1.300000000000000000e+01 8.600000000000000000e+01
1.457913659789216995e+09 1.000000000000000000e+01 1.300000000000000000e+01 8.600000000000000000e+01
1.457913719819847107e+09 1.000000000000000000e+01 1.300000000000000000e+01 8.600000000000000000e+01
1.457913779847134113e+09 1.000000000000000000e+01 1.300000000000000000e+01 8.600000000000000000e+01
1.457913839873447895e+09 1.000000000000000000e+01 1.300000000000000000e+01 8.600000000000000000e+01
1.457913899904253960e+09 1.000000000000000000e+01 1.300000000000000000e+01 8.600000000000000000e+01
1.457913959930412054e+09 1.000000000000000000e+01 1.300000000000000000e+01 8.600000000000000000e+01
1.457914019956064939e+09 9.000000000000000000e+00 1.300000000000000000e+01 8.600000000000000000e+01
1.457914079980817080e+09 9.000000000000000000e+00 1.200000000000000000e+01 8.600000000000000000e+01
1.457914140011992931e+09 9.000000000000000000e+00 1.200000000000000000e+01 8.600000000000000000e+01
1.457914200038389921e+09 9.000000000000000000e+00 1.200000000000000000e+01 8.600000000000000000e+01
1.457914260064641953e+09 9.000000000000000000e+00 1.200000000000000000e+01 8.600000000000000000e+01
1.457914320089085102e+09 9.000000000000000000e+00 1.200000000000000000e+01 8.700000000000000000e+01
1.457914380116369963e+09 9.000000000000000000e+00 1.200000000000000000e+01 8.700000000000000000e+01
1.457914440144013882e+09 9.000000000000000000e+00 1.200000000000000000e+01 8.700000000000000000e+01
1.457914500171575069e+09 9.000000000000000000e+00 1.200000000000000000e+01 8.700000000000000000e+01
1.457914560197269917e+09 9.000000000000000000e+00 1.200000000000000000e+01 8.700000000000000000e+01
1.457914620256498098e+09 9.000000000000000000e+00 1.200000000000000000e+01 8.700000000000000000e+01
1.457914680286526918e+09 9.000000000000000000e+00 1.200000000000000000e+01 8.700000000000000000e+01
1.457914740315371037e+09 9.000000000000000000e+00 1.200000000000000000e+01 8.700000000000000000e+01
1.457914800342194080e+09 9.000000000000000000e+00 1.200000000000000000e+01 8.700000000000000000e+01
1.457914860378937006e+09 9.000000000000000000e+00 1.200000000000000000e+01 8.700000000000000000e+01
1.457914920408746004e+09 9.000000000000000000e+00 1.200000000000000000e+01 8.700000000000000000e+01
1.457914980437124014e+09 9.000000000000000000e+00 1.200000000000000000e+01 8.700000000000000000e+01
1.457915040468096018e+09 9.000000000000000000e+00 1.200000000000000000e+01 8.700000000000000000e+01
1.457915100495665073e+09 9.000000000000000000e+00 1.200000000000000000e+01 8.700000000000000000e+01
1.457915160520137072e+09 9.000000000000000000e+00 1.200000000000000000e+01 8.700000000000000000e+01
1.457915220544876099e+09 9.000000000000000000e+00 1.200000000000000000e+01 8.700000000000000000e+01
1.457915280575073957e+09 9.000000000000000000e+00 1.200000000000000000e+01 8.700000000000000000e+01
1.457915340602435112e+09 9.000000000000000000e+00 1.200000000000000000e+01 8.700000000000000000e+01
1.457915400631334066e+09 9.000000000000000000e+00 1.200000000000000000e+01 8.700000000000000000e+01
1.457915460660854101e+09 1.000000000000000000e+01 1.000000000000000000e+01 8.100000000000000000e+01
1.457915520686969995e+09 1.100000000000000000e+01 1.100000000000000000e+01 8.300000000000000000e+01
1.457915580711822033e+09 1.100000000000000000e+01 1.100000000000000000e+01 8.400000000000000000e+01
1.457915640743335962e+09 1.100000000000000000e+01 1.100000000000000000e+01 8.400000000000000000e+01
1.457915700771058083e+09 1.100000000000000000e+01 1.100000000000000000e+01 8.400000000000000000e+01
1.457915760796412945e+09 1.100000000000000000e+01 1.100000000000000000e+01 8.400000000000000000e+01
1.457915820827378988e+09 1.100000000000000000e+01 1.100000000000000000e+01 8.400000000000000000e+01
1.457915880853041887e+09 1.100000000000000000e+01 1.100000000000000000e+01 8.400000000000000000e+01
1.457915940878861904e+09 1.100000000000000000e+01 1.100000000000000000e+01 8.400000000000000000e+01
1.457916000904431105e+09 1.100000000000000000e+01 1.100000000000000000e+01 8.400000000000000000e+01
1.457916060933954954e+09 1.100000000000000000e+01 1.100000000000000000e+01 8.400000000000000000e+01
1.457916120962495089e+09 1.100000000000000000e+01 1.100000000000000000e+01 8.400000000000000000e+01
1.457916180988183975e+09 1.100000000000000000e+01 1.100000000000000000e+01 8.400000000000000000e+01
1.457916241018470049e+09 1.100000000000000000e+01 1.100000000000000000e+01 8.400000000000000000e+01
1.457916301046529055e+09 1.100000000000000000e+01 1.100000000000000000e+01 8.400000000000000000e+01
1.457916361072396994e+09 1.100000000000000000e+01 1.100000000000000000e+01 8.400000000000000000e+01
1.457916421103136063e+09 1.100000000000000000e+01 1.100000000000000000e+01 8.400000000000000000e+01
1.457916481127518892e+09 1.100000000000000000e+01 1.100000000000000000e+01 8.400000000000000000e+01
1.457916541154875040e+09 1.100000000000000000e+01 1.100000000000000000e+01 8.400000000000000000e+01
1.457916601180665016e+09 1.100000000000000000e+01 1.100000000000000000e+01 8.400000000000000000e+01
1.457916661204845905e+09 1.100000000000000000e+01 1.100000000000000000e+01 8.400000000000000000e+01
1.457916721228326082e+09 1.100000000000000000e+01 1.100000000000000000e+01 8.400000000000000000e+01
1.457916781258620977e+09 1.100000000000000000e+01 1.100000000000000000e+01 8.400000000000000000e+01
1.457916841286257029e+09 1.100000000000000000e+01 1.100000000000000000e+01 8.400000000000000000e+01
1.457916901311292887e+09 1.100000000000000000e+01 1.100000000000000000e+01 8.400000000000000000e+01
1.457916961335886002e+09 1.100000000000000000e+01 1.100000000000000000e+01 8.400000000000000000e+01
1.457917021360392094e+09 1.100000000000000000e+01 1.100000000000000000e+01 8.400000000000000000e+01
1.457917081384536982e+09 1.100000000000000000e+01 1.100000000000000000e+01 8.400000000000000000e+01
1.457917141415354967e+09 1.100000000000000000e+01 1.100000000000000000e+01 8.400000000000000000e+01
1.457917201442775011e+09 1.100000000000000000e+01 1.100000000000000000e+01 8.400000000000000000e+01
1.457917261468394995e+09 1.100000000000000000e+01 1.100000000000000000e+01 8.400000000000000000e+01
1.457917321492126942e+09 1.100000000000000000e+01 1.100000000000000000e+01 8.400000000000000000e+01
1.457917381517061949e+09 1.100000000000000000e+01 1.100000000000000000e+01 8.400000000000000000e+01
1.457917441547614098e+09 1.100000000000000000e+01 1.100000000000000000e+01 8.400000000000000000e+01
1.457917501572935104e+09 1.100000000000000000e+01 1.100000000000000000e+01 8.400000000000000000e+01
1.457917561598613024e+09 1.100000000000000000e+01 1.100000000000000000e+01 8.400000000000000000e+01
1.457917621627286911e+09 1.100000000000000000e+01 1.100000000000000000e+01 8.400000000000000000e+01
1.457917681654531956e+09 1.000000000000000000e+01 1.100000000000000000e+01 8.400000000000000000e+01
1.457917741681988001e+09 1.000000000000000000e+01 1.100000000000000000e+01 8.400000000000000000e+01
1.457917801707355976e+09 1.000000000000000000e+01 1.100000000000000000e+01 8.400000000000000000e+01
1.457917861733290911e+09 1.000000000000000000e+01 1.100000000000000000e+01 8.400000000000000000e+01
1.457917921763108969e+09 1.000000000000000000e+01 1.100000000000000000e+01 8.400000000000000000e+01
1.457917981790139914e+09 1.000000000000000000e+01 1.100000000000000000e+01 8.500000000000000000e+01
1.457918041821765900e+09 1.000000000000000000e+01 1.100000000000000000e+01 8.500000000000000000e+01
1.457918101849376917e+09 1.000000000000000000e+01 1.100000000000000000e+01 8.500000000000000000e+01
1.457918161879987955e+09 1.000000000000000000e+01 1.100000000000000000e+01 8.500000000000000000e+01
1.457918221909961939e+09 1.000000000000000000e+01 1.100000000000000000e+01 8.500000000000000000e+01
1.457918281942333937e+09 1.000000000000000000e+01 1.100000000000000000e+01 8.500000000000000000e+01
1.457918341969435930e+09 1.000000000000000000e+01 1.100000000000000000e+01 8.500000000000000000e+01
1.457918402015203953e+09 1.000000000000000000e+01 1.100000000000000000e+01 8.500000000000000000e+01
1.457918462042366028e+09 1.000000000000000000e+01 1.100000000000000000e+01 8.500000000000000000e+01
1.457918522068799019e+09 1.000000000000000000e+01 1.100000000000000000e+01 8.500000000000000000e+01
1.457918582100366116e+09 1.000000000000000000e+01 1.100000000000000000e+01 8.500000000000000000e+01
1.457918642127104044e+09 1.000000000000000000e+01 1.100000000000000000e+01 8.500000000000000000e+01
1.457918702152286053e+09 1.000000000000000000e+01 1.100000000000000000e+01 8.500000000000000000e+01
1.457918762177293062e+09 1.000000000000000000e+01 1.100000000000000000e+01 8.500000000000000000e+01
1.457918822206917048e+09 1.000000000000000000e+01 1.100000000000000000e+01 8.500000000000000000e+01
1.457918882235033989e+09 1.000000000000000000e+01 1.100000000000000000e+01 8.500000000000000000e+01
1.457918942262351036e+09 1.000000000000000000e+01 1.100000000000000000e+01 8.500000000000000000e+01
1.457919002290960073e+09 1.000000000000000000e+01 1.100000000000000000e+01 8.500000000000000000e+01
1.457919062318830967e+09 1.000000000000000000e+01 1.100000000000000000e+01 8.500000000000000000e+01
1.457919122343955040e+09 1.000000000000000000e+01 1.100000000000000000e+01 8.500000000000000000e+01
1.457919182369498014e+09 1.000000000000000000e+01 1.100000000000000000e+01 8.500000000000000000e+01
1.457919242401365042e+09 1.000000000000000000e+01 1.100000000000000000e+01 8.500000000000000000e+01
1.457919302427186012e+09 1.000000000000000000e+01 1.100000000000000000e+01 8.500000000000000000e+01
1.457919362451837063e+09 1.000000000000000000e+01 1.100000000000000000e+01 8.500000000000000000e+01
1.457919422476979971e+09 1.000000000000000000e+01 1.100000000000000000e+01 8.500000000000000000e+01
1.457919482501449108e+09 1.000000000000000000e+01 1.100000000000000000e+01 8.500000000000000000e+01
1.457919542530904055e+09 1.000000000000000000e+01 1.100000000000000000e+01 8.500000000000000000e+01
1.457919602558911085e+09 1.000000000000000000e+01 1.100000000000000000e+01 8.500000000000000000e+01
1.457919662584902048e+09 1.000000000000000000e+01 1.100000000000000000e+01 8.500000000000000000e+01
1.457919722616471052e+09 1.000000000000000000e+01 1.100000000000000000e+01 8.500000000000000000e+01
1.457919782642905951e+09 1.000000000000000000e+01 1.100000000000000000e+01 8.500000000000000000e+01
1.457919842669015884e+09 1.000000000000000000e+01 1.100000000000000000e+01 8.500000000000000000e+01
1.457919902700458050e+09 1.000000000000000000e+01 1.100000000000000000e+01 8.500000000000000000e+01
1.457919962723160028e+09 1.000000000000000000e+01 1.100000000000000000e+01 8.500000000000000000e+01
1.457920022749737978e+09 1.000000000000000000e+01 1.000000000000000000e+01 7.700000000000000000e+01
1.457920082776211977e+09 1.000000000000000000e+01 1.000000000000000000e+01 7.700000000000000000e+01
1.457920142807952881e+09 1.000000000000000000e+01 1.000000000000000000e+01 7.700000000000000000e+01
1.457920202834863901e+09 1.000000000000000000e+01 1.000000000000000000e+01 7.700000000000000000e+01
1.457920262863845110e+09 1.000000000000000000e+01 1.000000000000000000e+01 7.700000000000000000e+01
1.457920322899986982e+09 1.000000000000000000e+01 1.000000000000000000e+01 7.700000000000000000e+01
1.457920382923736095e+09 1.000000000000000000e+01 1.000000000000000000e+01 7.700000000000000000e+01
1.457920442948483944e+09 1.000000000000000000e+01 1.000000000000000000e+01 7.700000000000000000e+01
1.457920502970048904e+09 1.000000000000000000e+01 1.000000000000000000e+01 7.700000000000000000e+01
1.457920562997061014e+09 1.000000000000000000e+01 1.000000000000000000e+01 7.800000000000000000e+01
1.457920623025422096e+09 1.000000000000000000e+01 1.000000000000000000e+01 7.800000000000000000e+01
1.457920683052194118e+09 1.000000000000000000e+01 1.000000000000000000e+01 7.800000000000000000e+01
1.457920743081331968e+09 1.000000000000000000e+01 1.000000000000000000e+01 7.800000000000000000e+01
1.457920803178332090e+09 1.000000000000000000e+01 1.000000000000000000e+01 7.800000000000000000e+01
1.457920863211648941e+09 1.000000000000000000e+01 1.000000000000000000e+01 7.800000000000000000e+01
1.457920923240360975e+09 1.000000000000000000e+01 1.000000000000000000e+01 7.800000000000000000e+01
1.457920983267008066e+09 1.000000000000000000e+01 1.000000000000000000e+01 7.800000000000000000e+01
1.457921043292335033e+09 1.000000000000000000e+01 1.000000000000000000e+01 7.800000000000000000e+01
1.457921103323956966e+09 1.000000000000000000e+01 1.000000000000000000e+01 7.800000000000000000e+01
1.457921163350380898e+09 1.000000000000000000e+01 1.000000000000000000e+01 7.800000000000000000e+01
1.457921223377178907e+09 1.000000000000000000e+01 1.000000000000000000e+01 7.800000000000000000e+01
1.457921283407681942e+09 1.000000000000000000e+01 1.000000000000000000e+01 7.800000000000000000e+01
1.457921343434303045e+09 1.000000000000000000e+01 1.000000000000000000e+01 7.800000000000000000e+01
1.457921403460134983e+09 1.000000000000000000e+01 1.000000000000000000e+01 7.800000000000000000e+01
1.457921463491594076e+09 1.000000000000000000e+01 1.000000000000000000e+01 7.800000000000000000e+01
1.457921523518737078e+09 9.000000000000000000e+00 1.000000000000000000e+01 7.800000000000000000e+01
1.457921583550360918e+09 9.000000000000000000e+00 1.000000000000000000e+01 7.800000000000000000e+01
1.457921643578167915e+09 9.000000000000000000e+00 1.000000000000000000e+01 7.800000000000000000e+01
1.457921703603627920e+09 9.000000000000000000e+00 1.000000000000000000e+01 7.800000000000000000e+01
1.457921763635900974e+09 9.000000000000000000e+00 1.000000000000000000e+01 7.800000000000000000e+01
1.457921823662439108e+09 9.000000000000000000e+00 1.000000000000000000e+01 7.800000000000000000e+01
1.457921883691405058e+09 9.000000000000000000e+00 1.000000000000000000e+01 7.800000000000000000e+01
1.457921943720050097e+09 9.000000000000000000e+00 1.000000000000000000e+01 7.800000000000000000e+01
1.457922003746146917e+09 9.000000000000000000e+00 1.000000000000000000e+01 7.800000000000000000e+01
1.457922063771668911e+09 9.000000000000000000e+00 1.000000000000000000e+01 7.800000000000000000e+01
1.457922123803272009e+09 9.000000000000000000e+00 1.000000000000000000e+01 7.800000000000000000e+01
1.457922183831468105e+09 9.000000000000000000e+00 1.000000000000000000e+01 7.800000000000000000e+01
1.457922243857296944e+09 9.000000000000000000e+00 1.000000000000000000e+01 7.800000000000000000e+01
1.457922303883940935e+09 9.000000000000000000e+00 1.000000000000000000e+01 7.800000000000000000e+01
1.457922363913578987e+09 9.000000000000000000e+00 1.000000000000000000e+01 7.800000000000000000e+01
1.457922423940515041e+09 9.000000000000000000e+00 1.000000000000000000e+01 7.800000000000000000e+01
1.457922483971463919e+09 9.000000000000000000e+00 1.000000000000000000e+01 7.800000000000000000e+01
1.457922543999161959e+09 9.000000000000000000e+00 1.000000000000000000e+01 7.800000000000000000e+01
1.457922604024174929e+09 9.000000000000000000e+00 1.000000000000000000e+01 7.800000000000000000e+01
1.457922664082052946e+09 9.000000000000000000e+00 1.000000000000000000e+01 7.800000000000000000e+01
1.457922724108361006e+09 9.000000000000000000e+00 1.000000000000000000e+01 7.800000000000000000e+01
1.457922784133929014e+09 9.000000000000000000e+00 1.000000000000000000e+01 7.800000000000000000e+01
1.457922844166013956e+09 9.000000000000000000e+00 1.000000000000000000e+01 7.800000000000000000e+01
1.457922904192807913e+09 9.000000000000000000e+00 1.000000000000000000e+01 7.800000000000000000e+01
1.457922964223728895e+09 9.000000000000000000e+00 1.000000000000000000e+01 7.800000000000000000e+01
1.457923024250965118e+09 9.000000000000000000e+00 1.000000000000000000e+01 7.800000000000000000e+01
1.457923084278795004e+09 9.000000000000000000e+00 1.000000000000000000e+01 7.800000000000000000e+01
1.457923144309380054e+09 9.000000000000000000e+00 1.000000000000000000e+01 7.800000000000000000e+01
1.457923204336847067e+09 9.000000000000000000e+00 1.000000000000000000e+01 7.800000000000000000e+01
1.457923264367258072e+09 9.000000000000000000e+00 1.000000000000000000e+01 7.800000000000000000e+01
1.457923324396610022e+09 9.000000000000000000e+00 1.000000000000000000e+01 7.800000000000000000e+01
1.457923384421278954e+09 9.000000000000000000e+00 1.000000000000000000e+01 7.800000000000000000e+01
1.457923444452955961e+09 9.000000000000000000e+00 1.000000000000000000e+01 7.800000000000000000e+01
1.457923504479295015e+09 9.000000000000000000e+00 1.000000000000000000e+01 7.800000000000000000e+01
1.457923564504065037e+09 9.000000000000000000e+00 1.000000000000000000e+01 7.800000000000000000e+01
1.457923624535355091e+09 9.000000000000000000e+00 1.000000000000000000e+01 7.800000000000000000e+01
1.457923684564194918e+09 9.000000000000000000e+00 1.000000000000000000e+01 7.800000000000000000e+01
1.457923744588610888e+09 9.000000000000000000e+00 1.000000000000000000e+01 7.800000000000000000e+01
1.457923804612613916e+09 9.000000000000000000e+00 1.000000000000000000e+01 7.800000000000000000e+01
1.457923864643482924e+09 9.000000000000000000e+00 1.000000000000000000e+01 7.800000000000000000e+01
1.457923924669054985e+09 9.000000000000000000e+00 9.000000000000000000e+00 7.100000000000000000e+01
1.457923984694449902e+09 9.000000000000000000e+00 9.000000000000000000e+00 7.100000000000000000e+01
1.457924044719135046e+09 9.000000000000000000e+00 9.000000000000000000e+00 7.100000000000000000e+01
1.457924104744059086e+09 9.000000000000000000e+00 9.000000000000000000e+00 7.100000000000000000e+01
1.457924164768107891e+09 9.000000000000000000e+00 9.000000000000000000e+00 7.100000000000000000e+01
1.457924224792785883e+09 9.000000000000000000e+00 9.000000000000000000e+00 7.100000000000000000e+01
1.457924284823354959e+09 9.000000000000000000e+00 9.000000000000000000e+00 7.100000000000000000e+01
1.457924344850377083e+09 9.000000000000000000e+00 9.000000000000000000e+00 7.100000000000000000e+01
1.457924404875724077e+09 9.000000000000000000e+00 9.000000000000000000e+00 7.100000000000000000e+01
1.457924464900435925e+09 9.000000000000000000e+00 9.000000000000000000e+00 7.100000000000000000e+01
1.457924524924956083e+09 9.000000000000000000e+00 9.000000000000000000e+00 7.100000000000000000e+01
1.457924584951225996e+09 9.000000000000000000e+00 9.000000000000000000e+00 7.100000000000000000e+01
1.457924644980268002e+09 9.000000000000000000e+00 9.000000000000000000e+00 7.100000000000000000e+01
1.457924705093914986e+09 9.000000000000000000e+00 9.000000000000000000e+00 7.100000000000000000e+01
1.457924765122489929e+09 9.000000000000000000e+00 9.000000000000000000e+00 7.100000000000000000e+01
1.457924825148978949e+09 9.000000000000000000e+00 9.000000000000000000e+00 7.100000000000000000e+01
1.457924885174390078e+09 9.000000000000000000e+00 9.000000000000000000e+00 7.100000000000000000e+01
1.457924945202275991e+09 9.000000000000000000e+00 9.000000000000000000e+00 7.100000000000000000e+01
1.457925005231764078e+09 9.000000000000000000e+00 9.000000000000000000e+00 7.100000000000000000e+01
1.457925065510898113e+09 9.000000000000000000e+00 9.000000000000000000e+00 7.100000000000000000e+01
1.457925125535432100e+09 9.000000000000000000e+00 9.000000000000000000e+00 7.100000000000000000e+01
1.457925185560334921e+09 9.000000000000000000e+00 9.000000000000000000e+00 7.100000000000000000e+01
1.457925245584703922e+09 9.000000000000000000e+00 9.000000000000000000e+00 7.100000000000000000e+01
1.457925305608766079e+09 9.000000000000000000e+00 9.000000000000000000e+00 7.100000000000000000e+01
1.457925365639554024e+09 9.000000000000000000e+00 9.000000000000000000e+00 7.100000000000000000e+01
1.457925425666444063e+09 9.000000000000000000e+00 9.000000000000000000e+00 7.100000000000000000e+01
1.457925485691771030e+09 9.000000000000000000e+00 9.000000000000000000e+00 7.100000000000000000e+01
1.457925545716522932e+09 9.000000000000000000e+00 9.000000000000000000e+00 7.100000000000000000e+01
1.457925605740752935e+09 9.000000000000000000e+00 9.000000000000000000e+00 7.100000000000000000e+01
1.457925665769279003e+09 9.000000000000000000e+00 9.000000000000000000e+00 7.100000000000000000e+01
1.457925725797334909e+09 9.000000000000000000e+00 9.000000000000000000e+00 7.100000000000000000e+01
1.457925785823434114e+09 9.000000000000000000e+00 9.000000000000000000e+00 7.100000000000000000e+01
1.457925845847151995e+09 9.000000000000000000e+00 9.000000000000000000e+00 7.100000000000000000e+01
1.457925905871814966e+09 9.000000000000000000e+00 9.000000000000000000e+00 7.100000000000000000e+01
1.457925965895951033e+09 9.000000000000000000e+00 9.000000000000000000e+00 7.100000000000000000e+01
1.457926025924726963e+09 9.000000000000000000e+00 9.000000000000000000e+00 7.100000000000000000e+01
1.457926085951320887e+09 9.000000000000000000e+00 9.000000000000000000e+00 7.100000000000000000e+01
1.457926145977888107e+09 9.000000000000000000e+00 9.000000000000000000e+00 7.100000000000000000e+01
1.457926206003762007e+09 9.000000000000000000e+00 9.000000000000000000e+00 7.100000000000000000e+01
1.457926266028687954e+09 9.000000000000000000e+00 9.000000000000000000e+00 7.100000000000000000e+01
1.457926326058991909e+09 9.000000000000000000e+00 9.000000000000000000e+00 7.100000000000000000e+01
1.457926386086446047e+09 9.000000000000000000e+00 9.000000000000000000e+00 7.100000000000000000e+01
1.457926446112207890e+09 9.000000000000000000e+00 9.000000000000000000e+00 7.100000000000000000e+01
1.457926506136365891e+09 9.000000000000000000e+00 9.000000000000000000e+00 7.100000000000000000e+01
1.457926566159157991e+09 9.000000000000000000e+00 9.000000000000000000e+00 7.100000000000000000e+01
1.457926626185313940e+09 9.000000000000000000e+00 9.000000000000000000e+00 7.100000000000000000e+01
1.457926686208658934e+09 9.000000000000000000e+00 9.000000000000000000e+00 7.100000000000000000e+01
1.457926746232578993e+09 9.000000000000000000e+00 9.000000000000000000e+00 7.100000000000000000e+01
1.457926806261434078e+09 9.000000000000000000e+00 9.000000000000000000e+00 7.100000000000000000e+01
1.457926866289345980e+09 9.000000000000000000e+00 9.000000000000000000e+00 7.100000000000000000e+01
1.457926926314924955e+09 9.000000000000000000e+00 9.000000000000000000e+00 7.200000000000000000e+01
1.457926986346246958e+09 9.000000000000000000e+00 9.000000000000000000e+00 7.200000000000000000e+01
1.457927046374392033e+09 9.000000000000000000e+00 9.000000000000000000e+00 7.200000000000000000e+01
1.457927106399466991e+09 9.000000000000000000e+00 9.000000000000000000e+00 7.200000000000000000e+01
1.457927166426269054e+09 9.000000000000000000e+00 9.000000000000000000e+00 7.200000000000000000e+01
1.457927226456445932e+09 9.000000000000000000e+00 9.000000000000000000e+00 7.200000000000000000e+01
1.457927286483026028e+09 9.000000000000000000e+00 9.000000000000000000e+00 7.200000000000000000e+01
1.457927346508524895e+09 9.000000000000000000e+00 9.000000000000000000e+00 7.200000000000000000e+01
1.457927406539284945e+09 9.000000000000000000e+00 9.000000000000000000e+00 7.200000000000000000e+01
1.457927466566796064e+09 9.000000000000000000e+00 9.000000000000000000e+00 7.200000000000000000e+01
1.457927526592288017e+09 9.000000000000000000e+00 9.000000000000000000e+00 7.200000000000000000e+01
1.457927586623007059e+09 9.000000000000000000e+00 9.000000000000000000e+00 7.200000000000000000e+01
1.457927646650408983e+09 9.000000000000000000e+00 9.000000000000000000e+00 7.200000000000000000e+01
1.457927706676621914e+09 9.000000000000000000e+00 9.000000000000000000e+00 7.200000000000000000e+01
1.457927766700336933e+09 8.000000000000000000e+00 9.000000000000000000e+00 6.400000000000000000e+01
1.457927826724878073e+09 8.000000000000000000e+00 9.000000000000000000e+00 6.400000000000000000e+01
1.457927886755198956e+09 8.000000000000000000e+00 9.000000000000000000e+00 6.400000000000000000e+01
1.457927946782095909e+09 8.000000000000000000e+00 9.000000000000000000e+00 6.400000000000000000e+01
1.457928006810683966e+09 8.000000000000000000e+00 9.000000000000000000e+00 6.400000000000000000e+01
1.457928066865633011e+09 8.000000000000000000e+00 9.000000000000000000e+00 6.400000000000000000e+01
1.457928126890561104e+09 8.000000000000000000e+00 9.000000000000000000e+00 6.400000000000000000e+01
1.457928187037704945e+09 8.000000000000000000e+00 9.000000000000000000e+00 6.400000000000000000e+01
1.457928247066129923e+09 8.000000000000000000e+00 9.000000000000000000e+00 6.400000000000000000e+01
1.457928307092230082e+09 8.000000000000000000e+00 9.000000000000000000e+00 6.400000000000000000e+01
1.457928367118140936e+09 8.000000000000000000e+00 9.000000000000000000e+00 6.400000000000000000e+01
1.457928427144082069e+09 8.000000000000000000e+00 9.000000000000000000e+00 6.400000000000000000e+01
1.457928487173100948e+09 8.000000000000000000e+00 9.000000000000000000e+00 6.400000000000000000e+01
1.457928547199062109e+09 8.000000000000000000e+00 9.000000000000000000e+00 6.400000000000000000e+01
1.457928607221641064e+09 8.000000000000000000e+00 9.000000000000000000e+00 6.400000000000000000e+01
1.457928667271189928e+09 8.000000000000000000e+00 9.000000000000000000e+00 6.400000000000000000e+01
1.457928727296616077e+09 8.000000000000000000e+00 9.000000000000000000e+00 6.400000000000000000e+01
1.457928787321732998e+09 8.000000000000000000e+00 9.000000000000000000e+00 6.400000000000000000e+01
1.457928847346146107e+09 8.000000000000000000e+00 9.000000000000000000e+00 6.400000000000000000e+01
1.457928907371957064e+09 8.000000000000000000e+00 9.000000000000000000e+00 6.400000000000000000e+01
1.457928967402998924e+09 8.000000000000000000e+00 9.000000000000000000e+00 6.400000000000000000e+01
1.457929027430339098e+09 8.000000000000000000e+00 9.000000000000000000e+00 6.400000000000000000e+01
1.457929087551353931e+09 8.000000000000000000e+00 9.000000000000000000e+00 6.400000000000000000e+01
1.457929147575649977e+09 8.000000000000000000e+00 9.000000000000000000e+00 6.400000000000000000e+01
1.457929207599668980e+09 8.000000000000000000e+00 9.000000000000000000e+00 6.400000000000000000e+01
1.457929267629615068e+09 8.000000000000000000e+00 9.000000000000000000e+00 6.400000000000000000e+01
1.457929327657547951e+09 8.000000000000000000e+00 9.000000000000000000e+00 6.400000000000000000e+01
1.457929387683669090e+09 8.000000000000000000e+00 9.000000000000000000e+00 6.400000000000000000e+01
1.457929447707683086e+09 8.000000000000000000e+00 9.000000000000000000e+00 6.400000000000000000e+01
1.457929507731489897e+09 8.000000000000000000e+00 9.000000000000000000e+00 6.400000000000000000e+01
1.457929567755646944e+09 8.000000000000000000e+00 9.000000000000000000e+00 6.400000000000000000e+01
1.457929627780152082e+09 8.000000000000000000e+00 9.000000000000000000e+00 6.400000000000000000e+01
1.457929687810946941e+09 8.000000000000000000e+00 9.000000000000000000e+00 6.400000000000000000e+01
1.457929747838191032e+09 8.000000000000000000e+00 9.000000000000000000e+00 6.400000000000000000e+01
1.457929807862880945e+09 8.000000000000000000e+00 9.000000000000000000e+00 6.400000000000000000e+01
1.457929867887610912e+09 8.000000000000000000e+00 9.000000000000000000e+00 6.400000000000000000e+01
1.457929927912795067e+09 8.000000000000000000e+00 9.000000000000000000e+00 6.400000000000000000e+01
1.457929987943712950e+09 8.000000000000000000e+00 9.000000000000000000e+00 6.400000000000000000e+01
1.457930047971029043e+09 8.000000000000000000e+00 9.000000000000000000e+00 6.400000000000000000e+01
1.457930108000113964e+09 8.000000000000000000e+00 9.000000000000000000e+00 6.400000000000000000e+01
1.457930168035026073e+09 8.000000000000000000e+00 9.000000000000000000e+00 6.400000000000000000e+01
1.457930228080214024e+09 8.000000000000000000e+00 9.000000000000000000e+00 6.400000000000000000e+01
1.457930288104778051e+09 8.000000000000000000e+00 9.000000000000000000e+00 6.400000000000000000e+01
1.457930348128954887e+09 8.000000000000000000e+00 9.000000000000000000e+00 6.400000000000000000e+01
1.457930408159074068e+09 7.000000000000000000e+00 9.000000000000000000e+00 6.400000000000000000e+01
1.457930468186630964e+09 7.000000000000000000e+00 9.000000000000000000e+00 6.400000000000000000e+01
1.457930528211450100e+09 7.000000000000000000e+00 9.000000000000000000e+00 6.400000000000000000e+01
1.457930588236371040e+09 7.000000000000000000e+00 9.000000000000000000e+00 6.400000000000000000e+01
1.457930648261321068e+09 7.000000000000000000e+00 9.000000000000000000e+00 6.400000000000000000e+01
1.457930708284347057e+09 7.000000000000000000e+00 9.000000000000000000e+00 6.400000000000000000e+01
1.457930768315222979e+09 7.000000000000000000e+00 9.000000000000000000e+00 6.400000000000000000e+01
1.457930828342238903e+09 7.000000000000000000e+00 9.000000000000000000e+00 6.400000000000000000e+01
1.457930888368160009e+09 7.000000000000000000e+00 9.000000000000000000e+00 6.400000000000000000e+01
1.457930948392442942e+09 7.000000000000000000e+00 9.000000000000000000e+00 6.400000000000000000e+01
1.457931008419924021e+09 7.000000000000000000e+00 9.000000000000000000e+00 6.400000000000000000e+01
1.457931068452198029e+09 7.000000000000000000e+00 9.000000000000000000e+00 6.400000000000000000e+01
1.457931128507003069e+09 7.000000000000000000e+00 9.000000000000000000e+00 6.400000000000000000e+01
1.457931188533400059e+09 7.000000000000000000e+00 9.000000000000000000e+00 6.400000000000000000e+01
1.457931248559541941e+09 7.000000000000000000e+00 9.000000000000000000e+00 6.400000000000000000e+01
1.457931308590540886e+09 7.000000000000000000e+00 9.000000000000000000e+00 6.400000000000000000e+01
1.457931368618158102e+09 7.000000000000000000e+00 9.000000000000000000e+00 6.400000000000000000e+01
1.457931428642477989e+09 7.000000000000000000e+00 9.000000000000000000e+00 6.400000000000000000e+01
1.457931488668114901e+09 7.000000000000000000e+00 9.000000000000000000e+00 6.400000000000000000e+01
1.457931548699455976e+09 7.000000000000000000e+00 9.000000000000000000e+00 6.400000000000000000e+01
1.457931608726798058e+09 7.000000000000000000e+00 9.000000000000000000e+00 6.400000000000000000e+01
1.457931668751236916e+09 6.000000000000000000e+00 9.000000000000000000e+00 6.400000000000000000e+01
1.457931728782772064e+09 6.000000000000000000e+00 9.000000000000000000e+00 6.400000000000000000e+01
1.457931788810420036e+09 6.000000000000000000e+00 9.000000000000000000e+00 6.400000000000000000e+01
1.457931848835752964e+09 6.000000000000000000e+00 9.000000000000000000e+00 6.400000000000000000e+01
1.457931908863643885e+09 6.000000000000000000e+00 9.000000000000000000e+00 6.400000000000000000e+01
1.457931968892380953e+09 6.000000000000000000e+00 9.000000000000000000e+00 6.400000000000000000e+01
1.457932028919891119e+09 6.000000000000000000e+00 9.000000000000000000e+00 6.400000000000000000e+01
1.457932088951260090e+09 6.000000000000000000e+00 7.000000000000000000e+00 5.700000000000000000e+01
1.457932148978029013e+09 6.000000000000000000e+00 7.000000000000000000e+00 5.700000000000000000e+01
1.457932209002921104e+09 6.000000000000000000e+00 7.000000000000000000e+00 5.700000000000000000e+01
1.457932269027472973e+09 6.000000000000000000e+00 7.000000000000000000e+00 5.700000000000000000e+01
1.457932329058537006e+09 6.000000000000000000e+00 7.000000000000000000e+00 5.700000000000000000e+01
1.457932389085583925e+09 6.000000000000000000e+00 7.000000000000000000e+00 5.700000000000000000e+01
1.457932449111665964e+09 6.000000000000000000e+00 7.000000000000000000e+00 5.700000000000000000e+01
1.457932509142374992e+09 6.000000000000000000e+00 7.000000000000000000e+00 5.700000000000000000e+01
1.457932569176018000e+09 6.000000000000000000e+00 7.000000000000000000e+00 5.700000000000000000e+01
1.457932629211566925e+09 6.000000000000000000e+00 7.000000000000000000e+00 5.700000000000000000e+01
1.457932689239943027e+09 6.000000000000000000e+00 7.000000000000000000e+00 5.700000000000000000e+01
1.457932749267340899e+09 6.000000000000000000e+00 7.000000000000000000e+00 5.700000000000000000e+01
1.457932809298407078e+09 6.000000000000000000e+00 7.000000000000000000e+00 5.700000000000000000e+01
1.457932869326387882e+09 6.000000000000000000e+00 7.000000000000000000e+00 5.700000000000000000e+01
1.457932929352067947e+09 6.000000000000000000e+00 7.000000000000000000e+00 5.700000000000000000e+01
1.457932989382297993e+09 6.000000000000000000e+00 7.000000000000000000e+00 5.700000000000000000e+01
1.457933049408679008e+09 6.000000000000000000e+00 7.000000000000000000e+00 5.700000000000000000e+01
1.457933109435148954e+09 6.000000000000000000e+00 7.000000000000000000e+00 5.700000000000000000e+01
1.457933169466897011e+09 6.000000000000000000e+00 7.000000000000000000e+00 5.700000000000000000e+01
1.457933229492557049e+09 6.000000000000000000e+00 7.000000000000000000e+00 5.700000000000000000e+01
1.457933289518254042e+09 6.000000000000000000e+00 7.000000000000000000e+00 5.700000000000000000e+01
1.457933349589714050e+09 1.800000000000000000e+01 1.800000000000000000e+01 5.700000000000000000e+01
1.457933409613533974e+09 1.800000000000000000e+01 2.100000000000000000e+01 6.200000000000000000e+01
1.457933469639616966e+09 1.600000000000000000e+01 2.100000000000000000e+01 6.000000000000000000e+01
1.457933529662636995e+09 1.500000000000000000e+01 2.100000000000000000e+01 6.000000000000000000e+01
1.457933589689058065e+09 1.400000000000000000e+01 2.100000000000000000e+01 6.000000000000000000e+01
1.457933649718889952e+09 1.400000000000000000e+01 2.100000000000000000e+01 6.000000000000000000e+01
1.457933709748048067e+09 1.400000000000000000e+01 2.100000000000000000e+01 6.000000000000000000e+01
1.457937076523538113e+09 1.400000000000000000e+01 2.100000000000000000e+01 6.000000000000000000e+01
1.457937137461821079e+09 9.000000000000000000e+00 2.100000000000000000e+01 6.100000000000000000e+01
1.457937197488470078e+09 1.800000000000000000e+01 2.000000000000000000e+01 6.100000000000000000e+01
1.457937257515336990e+09 1.600000000000000000e+01 1.900000000000000000e+01 6.000000000000000000e+01
1.457937317546785116e+09 1.500000000000000000e+01 1.900000000000000000e+01 6.100000000000000000e+01
1.457937377575463057e+09 1.500000000000000000e+01 1.900000000000000000e+01 6.300000000000000000e+01
1.457937437601130962e+09 1.400000000000000000e+01 1.900000000000000000e+01 6.300000000000000000e+01
1.457937497637131929e+09 1.400000000000000000e+01 1.900000000000000000e+01 6.300000000000000000e+01
1.457937557666111946e+09 1.400000000000000000e+01 1.900000000000000000e+01 6.300000000000000000e+01
1.457937617698354006e+09 1.400000000000000000e+01 1.900000000000000000e+01 6.300000000000000000e+01
1.457937677726478100e+09 1.400000000000000000e+01 1.900000000000000000e+01 6.300000000000000000e+01
1.457937737754589081e+09 1.400000000000000000e+01 1.900000000000000000e+01 6.300000000000000000e+01
1.457937797780221939e+09 1.400000000000000000e+01 1.900000000000000000e+01 6.300000000000000000e+01
1.457937857805951118e+09 1.400000000000000000e+01 1.900000000000000000e+01 6.400000000000000000e+01
1.457937917834913969e+09 1.400000000000000000e+01 1.900000000000000000e+01 6.400000000000000000e+01
1.457937977863303900e+09 1.400000000000000000e+01 1.900000000000000000e+01 6.400000000000000000e+01
1.457938037890405893e+09 1.400000000000000000e+01 1.900000000000000000e+01 6.400000000000000000e+01
